adj
ta001.txt, time:660.40400000000, odp:[1395.0, [0, 3, 1, 2, 5, 4, 6, 7, 9, 8, 11, 10, 13, 12, 16, 14, 15, 17, 18, 19]]
ta002.txt, time:554.02810000000, odp:[1432.0, [9, 8, 11, 1, 5, 0, 3, 7, 17, 10, 6, 14, 4, 12, 16, 13, 15, 2, 18, 19]]
ta003.txt, time:581.94830000000, odp:[1304.0, [4, 0, 6, 5, 7, 3, 2, 11, 13, 9, 14, 1, 15, 10, 19, 12, 17, 8, 18, 16]]
ta004.txt, time:466.81420000000, odp:[1597.0, [6, 0, 4, 2, 12, 7, 3, 9, 1, 5, 13, 8, 10, 18, 17, 14, 11, 15, 19, 16]]
ta005.txt, time:375.86360000000, odp:[1412.0, [4, 1, 0, 2, 10, 7, 3, 8, 11, 12, 5, 16, 17, 14, 9, 13, 6, 19, 15, 18]]
ta006.txt, time:441.92960000000, odp:[1520.0, [8, 3, 7, 1, 13, 4, 14, 19, 15, 9, 11, 6, 0, 10, 2, 16, 12, 5, 17, 18]]
ta007.txt, time:420.92130000000, odp:[1307.0, [4, 0, 8, 1, 10, 6, 3, 17, 15, 2, 13, 5, 14, 16, 12, 7, 11, 9, 19, 18]]
ta008.txt, time:453.99140000000, odp:[1414.0, [0, 3, 6, 4, 5, 1, 2, 8, 10, 9, 7, 13, 11, 17, 14, 15, 19, 16, 12, 18]]
ta009.txt, time:408.03420000000, odp:[1348.0, [1, 2, 5, 3, 0, 10, 6, 9, 14, 8, 11, 7, 15, 12, 19, 16, 17, 4, 18, 13]]
ta010.txt, time:390.05710000000, odp:[1252.0, [5, 2, 0, 3, 1, 6, 10, 11, 7, 9, 17, 8, 15, 12, 16, 14, 18, 13, 4, 19]]
ta001.txt, time:474.25390000000, odp:[1377.0, [0, 3, 1, 5, 4, 2, 7, 6, 8, 11, 10, 13, 9, 15, 12, 19, 16, 18, 14, 17]]
ta011.txt, time:1009.2361000000, odp:[1885.0, [1, 0, 2, 3, 5, 4, 7, 9, 6, 8, 10, 11, 13, 12, 14, 16, 15, 18, 19, 17]]
ta021.txt, time:1524.9364000000, odp:[2635.0, [3, 6, 0, 2, 5, 4, 9, 14, 1, 11, 17, 8, 7, 12, 19, 16, 13, 10, 15, 18]]
ta031.txt, time:1942.5097000000, odp:[3033.0, [0, 1, 2, 4, 3, 5, 7, 6, 10, 8, 9, 11, 12, 13, 14, 15, 16, 17, 18, 19, 20, 21, 22, 24, 23, 25, 26, 27, 28, 29, 30, 32, 31, 33, 34, 35, 37, 36, 38, 39, 41, 40, 43, 42, 44, 45, 46, 47, 48, 49]]
ta041.txt, time:2863.1445000000, odp:[3545.0, [3, 0, 5, 2, 4, 9, 10, 8, 6, 1, 15, 20, 7, 16, 11, 14, 23, 13, 18, 21, 43, 25, 12, 24, 17, 26, 19, 27, 31, 34, 41, 28, 22, 42, 30, 38, 37, 29, 46, 36, 33, 35, 44, 39, 32, 48, 47, 45, 49, 40]]
ta051.txt, time:5066.0314000000, odp:[4845.0, [11, 3, 0, 10, 1, 5, 6, 17, 8, 15, 13, 4, 9, 2, 12, 14, 7, 20, 21, 16, 19, 23, 26, 22, 32, 18, 27, 24, 31, 25, 38, 29, 30, 28, 37, 40, 36, 34, 41, 46, 35, 47, 43, 42, 33, 44, 49, 39, 48, 45]]
ta061.txt, time:4219.0950000000, odp:[5847.0, [5, 4, 0, 6, 1, 10, 2, 11, 9, 15, 16, 8, 12, 3, 20, 14, 17, 7, 13, 19, 23, 21, 24, 29, 28, 30, 18, 25, 32, 31, 22, 26, 37, 36, 27, 33, 39, 38, 47, 34, 46, 41, 40, 48, 35, 44, 42, 50, 54, 52, 45, 43, 51, 49, 53, 58, 56, 66, 55, 65, 63, 69, 64, 57, 71, 60, 72, 61, 59, 67, 70, 68, 62, 75, 73, 76, 79, 77, 78, 81, 82, 74, 84, 88, 83, 85, 87, 89, 92, 86, 95, 90, 80, 97, 93, 99, 94, 91, 96, 98]]
ta071.txt, time:7804.1180000000, odp:[6762.0, [7, 2, 8, 1, 4, 6, 0, 5, 3, 19, 14, 9, 11, 16, 10, 20, 17, 13, 21, 12, 23, 29, 22, 28, 18, 15, 25, 34, 26, 27, 24, 33, 31, 35, 32, 30, 36, 38, 42, 40, 37, 43, 47, 39, 44, 41, 45, 48, 53, 49, 52, 56, 54, 46, 59, 57, 51, 66, 50, 58, 55, 60, 64, 62, 71, 70, 63, 61, 67, 65, 69, 72, 79, 74, 77, 75, 73, 68, 85, 78, 86, 89, 76, 88, 80, 91, 92, 82, 84, 81, 87, 93, 94, 83, 96, 98, 90, 95, 99, 97]]
ta081.txt, time:14979.197000000, odp:[7594.0, [0, 7, 3, 2, 1, 11, 6, 5, 10, 9, 8, 17, 15, 4, 16, 14, 13, 12, 20, 23, 18, 24, 19, 25, 26, 34, 22, 27, 30, 29, 21, 32, 35, 31, 28, 39, 37, 41, 38, 36, 43, 42, 33, 45, 47, 40, 48, 46, 44, 49, 51, 54, 50, 56, 59, 53, 58, 55, 52, 71, 57, 64, 60, 62, 63, 67, 65, 61, 69, 73, 79, 72, 66, 68, 83, 78, 76, 70, 75, 81, 74, 82, 80, 77, 84, 87, 85, 92, 90, 88, 93, 95, 98, 89, 86, 94, 99, 96, 97, 91]]
ta091.txt, time:22342.346400000, odp:[11989.0, [2, 6, 1, 3, 0, 5, 9, 7, 4, 13, 12, 11, 8, 10, 14, 23, 22, 17, 19, 20, 16, 18, 25, 26, 27, 15, 28, 24, 21, 30, 34, 29, 36, 31, 33, 38, 37, 35, 32, 41, 43, 49, 39, 44, 40, 42, 47, 46, 50, 45, 51, 58, 52, 48, 56, 53, 62, 55, 59, 54, 60, 65, 57, 64, 63, 67, 70, 61, 71, 68, 73, 72, 69, 66, 81, 77, 75, 74, 79, 76, 91, 83, 84, 78, 85, 86, 82, 88, 80, 93, 89, 87, 92, 90, 103, 97, 96, 98, 94, 102, 106, 95, 99, 100, 115, 107, 109, 104, 105, 101, 112, 114, 108, 116, 120, 111, 110, 117, 113, 124, 118, 121, 123, 119, 127, 125, 129, 133, 122, 130, 126, 131, 135, 132, 128, 136, 138, 142, 134, 140, 137, 151, 146, 141, 139, 144, 143, 145, 153, 147, 154, 155, 148, 150, 159, 152, 149, 156, 158, 157, 161, 162, 170, 160, 167, 169, 172, 164, 163, 166, 165, 178, 176, 174, 177, 181, 185, 173, 180, 179, 171, 175, 186, 190, 188, 187, 168, 183, 193, 196, 184, 192, 194, 182, 195, 189, 191, 199, 197, 198]]
ta101.txt, time:42247.553500000, odp:[13269.0, [6, 1, 8, 0, 7, 2, 4, 12, 16, 3, 13, 9, 17, 5, 11, 10, 14, 20, 18, 21, 15, 23, 25, 27, 19, 24, 22, 32, 28, 31, 26, 30, 40, 33, 29, 36, 34, 35, 38, 37, 42, 39, 45, 43, 41, 46, 52, 50, 47, 44, 51, 49, 48, 55, 58, 56, 53, 63, 60, 57, 64, 54, 62, 59, 70, 67, 66, 65, 76, 61, 69, 71, 68, 73, 72, 77, 78, 74, 75, 81, 80, 79, 84, 82, 88, 85, 93, 83, 86, 87, 89, 90, 94, 91, 99, 97, 102, 95, 92, 106, 103, 96, 98, 100, 111, 101, 104, 116, 113, 108, 105, 112, 110, 107, 109, 114, 117, 115, 119, 118, 125, 120, 123, 124, 127, 126, 121, 139, 134, 122, 133, 128, 136, 130, 131, 138, 137, 141, 132, 140, 135, 147, 129, 143, 144, 142, 145, 148, 150, 149, 152, 160, 154, 146, 151, 156, 161, 153, 165, 163, 157, 162, 173, 155, 159, 169, 158, 164, 167, 174, 171, 166, 172, 168, 175, 177, 170, 179, 176, 185, 180, 184, 181, 182, 183, 188, 178, 195, 189, 193, 186, 187, 192, 194, 196, 198, 190, 199, 197, 191]]
ta111.txt, time:166042.27240000, odp:[29813.0, [1, 0, 3, 2, 5, 9, 4, 12, 13, 6, 10, 7, 8, 14, 18, 15, 17, 11, 16, 20, 21, 25, 24, 23, 27, 19, 26, 30, 22, 29, 33, 28, 31, 35, 36, 34, 32, 37, 39, 41, 42, 38, 40, 51, 45, 54, 48, 44, 47, 43, 46, 55, 49, 56, 52, 50, 57, 62, 53, 61, 65, 59, 58, 64, 63, 60, 67, 66, 74, 68, 71, 73, 77, 79, 70, 69, 72, 76, 75, 83, 86, 85, 78, 80, 88, 89, 92, 81, 82, 90, 87, 84, 93, 97, 94, 95, 102, 98, 91, 96, 103, 101, 108, 100, 99, 104, 107, 106, 110, 105, 109, 113, 112, 111, 116, 114, 118, 117, 115, 120, 119, 125, 123, 121, 124, 129, 128, 132, 127, 126, 130, 122, 140, 131, 133, 134, 136, 138, 145, 137, 135, 139, 141, 143, 144, 147, 142, 153, 151, 150, 148, 154, 146, 156, 149, 155, 161, 160, 157, 158, 159, 162, 152, 165, 163, 164, 167, 166, 169, 172, 170, 168, 171, 174, 173, 180, 176, 175, 183, 179, 177, 178, 181, 190, 182, 185, 186, 188, 187, 189, 184, 193, 195, 194, 192, 191, 196, 201, 204, 197, 198, 205, 199, 200, 203, 212, 202, 206, 213, 209, 208, 215, 210, 211, 214, 216, 218, 217, 220, 219, 207, 224, 222, 221, 227, 230, 223, 225, 234, 226, 229, 231, 233, 236, 238, 228, 240, 235, 237, 243, 232, 245, 242, 241, 244, 246, 239, 251, 257, 247, 248, 250, 249, 252, 258, 253, 256, 267, 259, 261, 255, 254, 260, 271, 262, 268, 264, 265, 263, 266, 269, 274, 273, 270, 276, 272, 275, 281, 277, 278, 279, 283, 286, 285, 282, 280, 284, 293, 294, 288, 287, 291, 290, 295, 292, 297, 289, 300, 298, 296, 301, 303, 304, 299, 302, 309, 305, 312, 307, 306, 315, 308, 311, 317, 310, 316, 318, 321, 313, 314, 325, 320, 327, 319, 326, 324, 331, 323, 322, 330, 329, 336, 328, 333, 332, 335, 343, 338, 342, 339, 334, 346, 340, 337, 341, 344, 349, 351, 352, 347, 350, 354, 348, 345, 358, 360, 359, 353, 363, 356, 355, 370, 357, 362, 366, 364, 365, 361, 368, 371, 373, 372, 367, 375, 378, 369, 382, 377, 376, 381, 374, 380, 379, 385, 383, 392, 384, 388, 386, 387, 393, 390, 389, 394, 397, 400, 391, 401, 399, 395, 404, 396, 398, 403, 402, 409, 405, 406, 410, 411, 407, 408, 413, 412, 415, 414, 420, 416, 419, 418, 421, 425, 423, 424, 422, 426, 417, 427, 428, 434, 436, 430, 432, 433, 429, 435, 438, 431, 437, 440, 443, 444, 439, 441, 446, 445, 447, 452, 442, 449, 451, 456, 454, 455, 453, 450, 448, 460, 461, 457, 458, 463, 465, 459, 462, 464, 467, 466, 469, 471, 472, 473, 475, 470, 468, 474, 482, 481, 476, 478, 480, 477, 491, 483, 479, 486, 485, 484, 489, 494, 487, 488, 490, 497, 498, 492, 496, 495, 499, 493]]
swap
ta001.txt, time:276.68980000000, odp:[1333.0, [14, 8, 3, 5, 18, 2, 13, 7, 10, 15, 16, 17, 12, 11, 9, 1, 0, 4, 6, 19]]
ta002.txt, time:283.69510000000, odp:[1383.0, [14, 16, 17, 2, 5, 8, 4, 7, 9, 6, 18, 13, 19, 0, 10, 12, 11, 1, 3, 15]]
ta003.txt, time:288.18240000000, odp:[1253.0, [15, 19, 3, 14, 0, 11, 17, 5, 13, 1, 2, 18, 6, 16, 4, 9, 7, 10, 12, 8]]
ta004.txt, time:283.69690000000, odp:[1440.0, [16, 10, 8, 14, 18, 15, 7, 19, 3, 12, 9, 6, 17, 0, 4, 5, 1, 11, 2, 13]]
ta005.txt, time:279.19590000000, odp:[1319.0, [11, 16, 8, 15, 0, 9, 13, 3, 14, 10, 12, 5, 1, 2, 18, 6, 7, 19, 17, 4]]
ta006.txt, time:287.19940000000, odp:[1319.0, [15, 13, 17, 10, 4, 3, 12, 1, 16, 11, 7, 8, 5, 14, 18, 19, 0, 6, 2, 9]]
ta007.txt, time:288.17860000000, odp:[1276.0, [4, 14, 19, 2, 0, 18, 9, 3, 16, 1, 13, 10, 7, 11, 12, 15, 5, 6, 8, 17]]
ta008.txt, time:283.70100000000, odp:[1342.0, [16, 0, 4, 1, 2, 17, 15, 18, 19, 11, 8, 9, 13, 14, 7, 12, 5, 3, 6, 10]]
ta009.txt, time:287.19590000000, odp:[1376.0, [16, 0, 14, 3, 6, 7, 10, 9, 19, 18, 1, 13, 4, 11, 15, 12, 17, 5, 2, 8]]
ta010.txt, time:281.69600000000, odp:[1253.0, [17, 5, 11, 1, 7, 6, 10, 2, 0, 4, 8, 12, 15, 14, 19, 3, 9, 13, 16, 18]]
ta001.txt, time:274.20160000000, odp:[1377.0, [2, 9, 8, 14, 18, 0, 6, 5, 15, 11, 3, 1, 7, 13, 16, 12, 10, 19, 4, 17]]
ta011.txt, time:513.95680000000, odp:[1720.0, [3, 4, 8, 14, 17, 16, 1, 9, 13, 12, 15, 11, 10, 5, 19, 18, 6, 7, 2, 0]]
ta021.txt, time:1003.9103000000, odp:[2456.0, [15, 13, 17, 7, 3, 8, 4, 9, 12, 6, 18, 10, 5, 11, 16, 14, 0, 19, 1, 2]]
ta031.txt, time:1366.9713000000, odp:[2826.0, [2, 38, 40, 27, 20, 18, 17, 12, 9, 6, 4, 34, 3, 31, 16, 7, 49, 37, 1, 44, 41, 33, 35, 28, 0, 29, 24, 42, 19, 25, 13, 47, 14, 26, 15, 5, 39, 21, 11, 8, 36, 46, 32, 45, 22, 30, 48, 23, 10, 43]]
ta041.txt, time:2537.2532000000, odp:[3261.0, [17, 21, 48, 41, 32, 14, 46, 30, 19, 35, 2, 5, 4, 39, 29, 3, 40, 16, 24, 43, 12, 8, 27, 10, 11, 23, 33, 42, 20, 36, 22, 37, 25, 28, 31, 47, 45, 1, 34, 13, 15, 18, 38, 9, 0, 6, 44, 49, 26, 7]]
ta051.txt, time:4772.3667000000, odp:[4354.0, [42, 34, 38, 6, 39, 41, 46, 44, 3, 4, 1, 23, 12, 10, 14, 30, 26, 36, 31, 28, 22, 48, 33, 0, 20, 18, 7, 9, 11, 29, 43, 32, 21, 15, 16, 45, 35, 13, 17, 24, 37, 8, 2, 19, 5, 47, 25, 40, 49, 27]]
ta061.txt, time:4011.2037000000, odp:[5633.0, [57, 24, 12, 85, 0, 75, 66, 33, 73, 83, 80, 84, 26, 10, 13, 56, 48, 60, 27, 41, 63, 25, 28, 91, 68, 45, 70, 61, 81, 16, 76, 17, 30, 40, 74, 62, 7, 98, 99, 9, 54, 47, 2, 38, 29, 18, 23, 8, 5, 94, 95, 46, 89, 77, 79, 31, 82, 42, 44, 53, 51, 64, 90, 6, 86, 87, 3, 37, 11, 50, 58, 49, 96, 52, 19, 97, 92, 65, 43, 55, 59, 69, 14, 1, 78, 72, 35, 88, 39, 21, 67, 71, 32, 93, 22, 15, 36, 34, 20, 4]]
ta071.txt, time:7428.1827000000, odp:[6256.0, [56, 44, 0, 88, 96, 62, 84, 65, 26, 19, 77, 98, 60, 82, 86, 55, 75, 51, 76, 41, 68, 39, 33, 10, 45, 4, 95, 63, 5, 48, 12, 87, 30, 61, 70, 50, 42, 94, 54, 49, 35, 73, 38, 93, 1, 15, 66, 83, 18, 89, 32, 58, 31, 3, 72, 59, 57, 21, 64, 43, 14, 90, 22, 91, 23, 97, 71, 34, 52, 80, 78, 40, 25, 6, 20, 17, 7, 85, 2, 79, 81, 99, 8, 36, 46, 27, 92, 13, 53, 9, 67, 28, 11, 16, 37, 47, 69, 24, 29, 74]]
ta081.txt, time:14281.727200000, odp:[7108.0, [81, 27, 92, 65, 4, 54, 42, 95, 34, 9, 78, 7, 30, 20, 69, 32, 23, 21, 28, 8, 1, 17, 98, 75, 19, 73, 50, 96, 12, 88, 18, 87, 52, 94, 3, 45, 97, 61, 79, 71, 26, 70, 15, 11, 29, 55, 0, 10, 22, 60, 46, 63, 91, 44, 14, 47, 59, 84, 85, 80, 86, 5, 89, 93, 49, 37, 38, 13, 68, 82, 66, 31, 36, 43, 24, 39, 33, 74, 16, 2, 67, 77, 51, 76, 56, 25, 64, 62, 90, 58, 53, 41, 6, 57, 40, 99, 35, 72, 83, 48]]
ta091.txt, time:21472.972400000, odp:[11318.0, [0, 184, 103, 65, 16, 73, 22, 63, 74, 111, 172, 142, 160, 118, 132, 149, 75, 115, 98, 23, 8, 46, 134, 194, 107, 83, 123, 171, 90, 117, 144, 152, 191, 197, 131, 128, 69, 189, 3, 188, 89, 105, 53, 153, 112, 68, 70, 17, 157, 51, 6, 43, 37, 21, 141, 195, 114, 148, 150, 29, 78, 88, 72, 164, 59, 180, 137, 19, 130, 76, 94, 5, 126, 108, 2, 62, 147, 198, 163, 85, 52, 41, 36, 199, 138, 97, 35, 12, 9, 181, 145, 151, 24, 175, 192, 42, 159, 71, 49, 196, 101, 167, 44, 173, 77, 67, 182, 116, 61, 186, 54, 45, 13, 113, 143, 80, 86, 48, 139, 11, 64, 185, 82, 119, 158, 14, 178, 87, 133, 154, 121, 57, 99, 40, 81, 60, 91, 104, 127, 95, 102, 176, 38, 161, 155, 169, 4, 122, 7, 177, 26, 168, 39, 18, 140, 10, 15, 32, 136, 56, 129, 1, 190, 162, 27, 109, 66, 55, 125, 92, 84, 100, 106, 174, 156, 30, 120, 93, 96, 79, 193, 170, 20, 50, 146, 31, 34, 58, 110, 179, 187, 25, 47, 28, 124, 183, 135, 33, 166, 165]]
ta101.txt, time:41133.888900000, odp:[12329.0, [78, 141, 74, 186, 165, 48, 104, 42, 157, 69, 150, 112, 167, 84, 26, 89, 11, 2, 86, 182, 145, 72, 110, 94, 184, 16, 130, 118, 123, 76, 132, 66, 114, 50, 28, 187, 164, 59, 56, 189, 82, 61, 106, 29, 7, 135, 71, 62, 98, 24, 178, 121, 21, 171, 93, 179, 174, 196, 52, 23, 49, 128, 46, 143, 190, 122, 126, 159, 175, 22, 116, 113, 18, 45, 161, 87, 153, 127, 151, 105, 4, 163, 80, 191, 65, 55, 91, 81, 144, 14, 142, 95, 60, 120, 148, 138, 3, 92, 162, 134, 183, 100, 32, 107, 170, 53, 131, 77, 149, 73, 108, 13, 27, 129, 33, 173, 37, 85, 166, 34, 160, 70, 6, 5, 58, 176, 119, 193, 75, 154, 30, 1, 43, 79, 40, 177, 17, 54, 133, 156, 15, 64, 88, 152, 36, 25, 158, 57, 124, 137, 19, 8, 181, 83, 180, 172, 39, 63, 192, 10, 109, 38, 111, 125, 140, 146, 169, 101, 198, 0, 185, 139, 35, 41, 197, 155, 103, 47, 97, 115, 199, 136, 117, 102, 99, 67, 9, 44, 12, 31, 96, 188, 147, 195, 194, 51, 168, 90, 68, 20]]
ta111.txt, time:166774.43390000, odp:[28344.0, [345, 60, 379, 369, 21, 245, 185, 308, 254, 236, 239, 68, 126, 173, 129, 458, 119, 43, 427, 108, 51, 367, 450, 432, 385, 53, 223, 186, 138, 313, 215, 143, 0, 496, 61, 200, 77, 187, 133, 417, 312, 46, 56, 65, 475, 477, 122, 176, 279, 328, 321, 445, 157, 448, 366, 166, 142, 209, 94, 168, 380, 392, 318, 169, 221, 38, 459, 218, 430, 259, 288, 339, 256, 493, 357, 36, 402, 220, 398, 227, 284, 344, 237, 422, 29, 376, 213, 465, 84, 103, 99, 214, 262, 175, 199, 79, 394, 316, 491, 31, 72, 409, 353, 118, 177, 327, 335, 287, 184, 123, 47, 182, 3, 158, 340, 456, 371, 489, 406, 135, 309, 6, 306, 361, 346, 437, 49, 440, 82, 292, 174, 442, 386, 290, 113, 299, 128, 484, 240, 164, 434, 188, 418, 360, 302, 408, 115, 125, 320, 332, 453, 44, 255, 251, 359, 400, 314, 81, 250, 401, 343, 165, 248, 134, 242, 473, 171, 137, 50, 1, 96, 283, 338, 75, 497, 268, 26, 109, 289, 272, 162, 415, 444, 297, 91, 191, 431, 39, 226, 421, 295, 192, 132, 463, 27, 28, 224, 270, 178, 194, 37, 247, 286, 347, 341, 78, 203, 153, 69, 179, 372, 285, 59, 419, 266, 363, 145, 397, 413, 73, 481, 32, 483, 85, 324, 414, 156, 195, 97, 304, 228, 144, 110, 410, 377, 354, 301, 486, 147, 348, 148, 490, 11, 151, 146, 326, 362, 95, 163, 499, 265, 494, 396, 130, 13, 121, 9, 276, 64, 167, 310, 12, 263, 381, 358, 155, 264, 18, 441, 460, 443, 62, 140, 100, 472, 336, 4, 88, 420, 498, 436, 154, 337, 246, 197, 34, 446, 15, 269, 319, 451, 468, 24, 54, 471, 87, 384, 391, 161, 19, 114, 159, 42, 311, 16, 210, 447, 294, 207, 461, 22, 393, 423, 389, 41, 170, 230, 120, 323, 204, 231, 305, 71, 273, 139, 7, 89, 333, 466, 152, 141, 373, 281, 205, 404, 8, 92, 368, 189, 181, 217, 300, 428, 399, 462, 390, 375, 452, 257, 80, 48, 172, 243, 93, 355, 260, 464, 317, 225, 293, 70, 241, 416, 202, 429, 271, 480, 435, 116, 216, 278, 378, 387, 66, 329, 258, 127, 124, 222, 106, 277, 23, 196, 58, 201, 325, 136, 232, 55, 282, 476, 488, 334, 206, 330, 234, 107, 112, 233, 487, 160, 405, 455, 183, 474, 131, 479, 274, 190, 469, 433, 235, 296, 388, 180, 52, 104, 454, 17, 411, 280, 63, 364, 365, 267, 111, 331, 229, 25, 261, 249, 425, 439, 370, 485, 117, 33, 383, 382, 30, 102, 10, 356, 74, 407, 374, 403, 438, 149, 457, 238, 426, 291, 101, 67, 219, 315, 252, 449, 275, 352, 20, 211, 35, 412, 57, 395, 14, 98, 40, 478, 2, 470, 86, 193, 105, 212, 351, 303, 492, 424, 322, 5, 150, 350, 253, 495, 349, 298, 90, 244, 45, 83, 76, 198, 467, 482, 307, 208, 342]]
