ta001.txt, time:5209.4136000000, odp:[1297.0, [8, 16, 10, 14, 15, 7, 3, 4, 5, 17, 13, 18, 6, 0, 2, 9, 11, 1, 12, 19]]
ta002.txt, time:5046.6072000000, odp:[1373.0, [5, 14, 6, 19, 1, 16, 8, 18, 13, 3, 15, 9, 0, 17, 4, 10, 11, 12, 7, 2]]
ta003.txt, time:5073.8527000000, odp:[1155.0, [2, 19, 18, 17, 9, 11, 13, 15, 3, 16, 6, 12, 10, 0, 4, 1, 8, 5, 7, 14]]
ta004.txt, time:5584.2833000000, odp:[1351.0, [15, 12, 10, 1, 16, 8, 6, 0, 19, 9, 17, 3, 11, 4, 14, 18, 2, 7, 5, 13]]
ta005.txt, time:5382.1555000000, odp:[1276.0, [11, 18, 3, 9, 16, 15, 1, 0, 12, 5, 4, 6, 14, 8, 2, 13, 10, 17, 7, 19]]
ta006.txt, time:6456.8454000000, odp:[1239.0, [10, 5, 19, 12, 15, 7, 11, 0, 16, 6, 9, 13, 14, 4, 18, 3, 1, 17, 8, 2]]
ta007.txt, time:5197.0792000000, odp:[1273.0, [9, 12, 19, 14, 11, 1, 4, 3, 7, 5, 16, 18, 10, 2, 13, 6, 8, 0, 15, 17]]
ta008.txt, time:5169.0032000000, odp:[1297.0, [1, 15, 17, 16, 8, 6, 5, 3, 18, 4, 2, 11, 10, 19, 9, 0, 7, 13, 14, 12]]
ta009.txt, time:5209.5907000000, odp:[1291.0, [3, 15, 6, 19, 1, 5, 10, 11, 9, 14, 2, 0, 17, 7, 4, 16, 13, 12, 18, 8]]
ta010.txt, time:5184.7508000000, odp:[1163.0, [15, 5, 9, 14, 12, 17, 6, 16, 10, 1, 0, 8, 7, 4, 2, 18, 13, 11, 3, 19]]
ta001.txt, time:5266.3766000000, odp:[1297.0, [7, 18, 12, 14, 3, 8, 4, 6, 10, 2, 15, 5, 17, 11, 13, 16, 0, 1, 9, 19]]
ta011.txt, time:9853.7280000000, odp:[1685.0, [1, 8, 9, 4, 6, 13, 5, 18, 17, 7, 19, 14, 0, 11, 16, 12, 10, 3, 2, 15]]
ta021.txt, time:214360.94360000, odp:[2485.0, [6, 12, 13, 9, 2, 10, 1, 8, 11, 5, 14, 17, 19, 4, 0, 15, 18, 16, 3, 7]]
ta031.txt, time:74600.159400000, odp:[2752.0, [2, 38, 30, 9, 49, 44, 5, 21, 14, 16, 24, 7, 4, 0, 23, 35, 31, 10, 17, 45, 40, 18, 1, 28, 33, 3, 32, 41, 6, 29, 8, 25, 48, 13, 34, 37, 36, 19, 11, 12, 27, 20, 43, 26, 22, 46, 39, 42, 47, 15]]
ta041.txt, time:142450.28990000, odp:[3319.0, [28, 32, 35, 14, 34, 10, 43, 17, 38, 23, 21, 0, 3, 30, 25, 18, 20, 12, 37, 22, 48, 19, 31, 15, 42, 11, 26, 16, 47, 13, 40, 5, 39, 41, 29, 7, 49, 36, 9, 27, 45, 2, 46, 33, 8, 6, 4, 1, 24, 44]]
ta051.txt, time:262774.50790000, odp:[4168.0, [34, 42, 19, 33, 9, 41, 30, 39, 6, 44, 16, 47, 48, 4, 28, 10, 14, 36, 26, 17, 5, 15, 35, 32, 21, 43, 13, 45, 11, 29, 24, 40, 20, 46, 23, 37, 0, 7, 25, 3, 38, 12, 49, 31, 22, 1, 18, 27, 8, 2]]
ta061.txt, time:589305.45690000, odp:[5527.0, [39, 38, 37, 22, 74, 92, 64, 71, 3, 40, 31, 27, 6, 58, 9, 10, 80, 17, 19, 7, 79, 35, 33, 8, 93, 73, 45, 91, 53, 2, 70, 23, 26, 84, 12, 21, 48, 96, 95, 56, 86, 61, 78, 57, 30, 41, 49, 36, 99, 18, 72, 82, 62, 44, 52, 94, 47, 24, 98, 43, 75, 76, 0, 89, 5, 54, 20, 13, 29, 14, 68, 1, 85, 16, 88, 51, 28, 69, 4, 50, 63, 90, 11, 42, 66, 15, 77, 55, 32, 65, 46, 34, 59, 25, 81, 67, 83, 60, 97, 87]]
ta071.txt, time:1095971.1997000, odp:[6180.0, [90, 66, 94, 96, 30, 5, 23, 28, 16, 63, 58, 69, 40, 38, 64, 37, 21, 70, 55, 27, 39, 26, 54, 14, 33, 43, 7, 77, 31, 17, 99, 52, 83, 92, 76, 78, 15, 32, 56, 1, 35, 97, 48, 46, 6, 50, 53, 42, 82, 25, 12, 18, 20, 8, 2, 34, 75, 10, 19, 41, 79, 11, 95, 87, 9, 80, 57, 68, 0, 51, 86, 81, 74, 4, 84, 45, 49, 88, 13, 71, 85, 65, 91, 73, 29, 36, 44, 22, 93, 89, 59, 24, 62, 47, 98, 61, 60, 72, 3, 67]]
ta081.txt, time:2151165.4133000, odp:[6953.0, [21, 24, 46, 43, 59, 55, 15, 23, 68, 22, 45, 34, 0, 87, 44, 36, 4, 33, 88, 79, 49, 91, 96, 61, 28, 3, 74, 6, 73, 90, 70, 13, 64, 56, 93, 69, 26, 17, 32, 30, 10, 40, 8, 16, 97, 50, 31, 52, 42, 58, 39, 38, 25, 20, 66, 9, 12, 81, 98, 48, 18, 75, 85, 77, 83, 1, 47, 78, 54, 29, 80, 51, 53, 86, 19, 35, 72, 62, 2, 14, 92, 11, 95, 84, 60, 94, 7, 63, 27, 57, 5, 41, 71, 67, 37, 82, 89, 99, 65, 76]]

