adj
ta001.txt, time:142.83650000000, odp:[1377.0, [0, 4, 1, 2, 5, 6, 3, 8, 7, 9, 11, 13, 10, 12, 16, 14, 15, 17, 19, 18]]
ta002.txt, time:160.81690000000, odp:[1489.0, [4, 2, 0, 6, 8, 1, 5, 7, 3, 13, 10, 17, 11, 9, 18, 12, 14, 16, 19, 15]]
ta003.txt, time:155.84020000000, odp:[1348.0, [4, 0, 2, 8, 11, 12, 6, 1, 5, 16, 10, 13, 14, 9, 15, 7, 3, 17, 19, 18]]
ta004.txt, time:142.35290000000, odp:[1609.0, [0, 4, 1, 2, 5, 7, 12, 6, 18, 9, 3, 11, 10, 8, 15, 16, 17, 14, 19, 13]]
ta005.txt, time:140.85320000000, odp:[1375.0, [4, 2, 1, 7, 3, 0, 8, 11, 9, 13, 5, 6, 16, 10, 14, 12, 15, 18, 17, 19]]
ta006.txt, time:145.83350000000, odp:[1370.0, [4, 5, 8, 2, 0, 7, 1, 10, 11, 6, 15, 3, 16, 12, 9, 19, 14, 17, 13, 18]]
ta007.txt, time:142.34220000000, odp:[1325.0, [4, 1, 9, 0, 3, 2, 12, 10, 7, 8, 11, 6, 19, 18, 14, 13, 5, 17, 16, 15]]
ta008.txt, time:139.85360000000, odp:[1402.0, [8, 0, 3, 1, 6, 7, 12, 4, 11, 5, 10, 2, 15, 9, 13, 16, 14, 17, 18, 19]]
ta009.txt, time:141.33940000000, odp:[1351.0, [3, 2, 5, 10, 6, 4, 19, 1, 7, 0, 13, 8, 12, 17, 9, 18, 11, 16, 14, 15]]
ta010.txt, time:142.83720000000, odp:[1283.0, [4, 0, 8, 10, 5, 1, 3, 9, 7, 2, 19, 13, 6, 11, 12, 17, 15, 16, 18, 14]]
ta001.txt, time:146.83310000000, odp:[1407.0, [8, 2, 0, 7, 1, 6, 16, 4, 3, 9, 12, 10, 5, 13, 14, 11, 19, 18, 15, 17]]
ta011.txt, time:263.21240000000, odp:[1804.0, [3, 5, 0, 1, 2, 4, 8, 9, 6, 16, 7, 18, 11, 10, 13, 12, 15, 19, 14, 17]]
ta021.txt, time:484.95210000000, odp:[2573.0, [6, 2, 4, 1, 0, 10, 5, 17, 11, 12, 7, 3, 14, 8, 15, 16, 9, 13, 19, 18]]
ta031.txt, time:689.63620000000, odp:[2985.0, [2, 0, 7, 3, 9, 6, 12, 1, 5, 4, 18, 10, 21, 16, 13, 8, 11, 20, 14, 23, 17, 22, 25, 15, 27, 19, 30, 24, 26, 32, 28, 31, 35, 37, 29, 38, 33, 34, 40, 36, 48, 46, 41, 43, 45, 42, 44, 39, 47, 49]]
ta041.txt, time:1300.1871000000, odp:[3638.0, [5, 0, 4, 6, 1, 2, 8, 10, 11, 3, 7, 13, 9, 19, 14, 12, 15, 18, 17, 16, 22, 23, 27, 21, 20, 30, 24, 28, 33, 32, 26, 25, 34, 29, 31, 37, 43, 38, 36, 41, 40, 35, 44, 39, 48, 46, 42, 49, 45, 47]]
ta051.txt, time:2638.0263000000, odp:[4806.0, [1, 4, 6, 3, 8, 0, 2, 5, 7, 9, 10, 11, 17, 15, 12, 16, 13, 19, 21, 18, 20, 22, 14, 23, 28, 25, 26, 31, 30, 34, 24, 27, 36, 29, 33, 35, 32, 42, 38, 41, 37, 40, 39, 46, 44, 48, 43, 47, 45, 49]]
ta061.txt, time:2043.1936000000, odp:[5860.0, [1, 0, 6, 2, 4, 14, 11, 7, 9, 3, 10, 5, 19, 15, 8, 13, 20, 12, 17, 16, 21, 18, 22, 27, 24, 29, 25, 30, 28, 26, 31, 39, 23, 33, 37, 34, 38, 32, 35, 47, 45, 36, 41, 40, 49, 44, 46, 48, 42, 50, 54, 51, 43, 61, 55, 53, 56, 52, 60, 66, 59, 57, 63, 58, 64, 68, 72, 65, 62, 69, 67, 79, 71, 75, 70, 73, 78, 80, 82, 76, 81, 83, 74, 77, 89, 85, 84, 87, 88, 92, 93, 96, 86, 90, 99, 97, 91, 94, 98, 95]]
ta071.txt, time:3735.1660000000, odp:[6821.0, [0, 2, 4, 1, 6, 3, 5, 12, 7, 10, 9, 11, 8, 15, 16, 13, 14, 17, 20, 22, 18, 23, 21, 26, 19, 25, 29, 27, 24, 28, 32, 34, 33, 31, 38, 30, 35, 37, 36, 41, 40, 39, 43, 45, 54, 42, 48, 44, 46, 49, 53, 51, 47, 55, 57, 56, 58, 52, 50, 59, 60, 61, 65, 62, 67, 69, 63, 64, 75, 66, 73, 71, 68, 81, 72, 83, 70, 77, 76, 74, 78, 87, 79, 82, 84, 85, 88, 80, 86, 89, 91, 95, 90, 93, 98, 99, 94, 92, 97, 96]]
ta081.txt, time:7344.1773000000, odp:[7604.0, [5, 3, 2, 1, 0, 4, 7, 8, 13, 6, 11, 10, 9, 17, 12, 15, 14, 16, 22, 20, 24, 18, 23, 19, 21, 25, 26, 28, 29, 27, 31, 33, 35, 32, 34, 30, 36, 39, 38, 37, 42, 41, 47, 48, 43, 44, 40, 49, 45, 46, 56, 50, 51, 54, 58, 57, 52, 59, 55, 61, 64, 62, 53, 65, 66, 68, 60, 67, 63, 70, 78, 73, 69, 71, 76, 72, 82, 74, 77, 75, 79, 84, 81, 86, 89, 87, 80, 91, 83, 85, 88, 98, 90, 96, 92, 93, 95, 99, 94, 97]]
ta091.txt, time:10749.085200000, odp:[11967.0, [0, 1, 2, 3, 4, 5, 7, 8, 13, 6, 9, 16, 12, 10, 15, 18, 11, 20, 19, 17, 23, 14, 25, 24, 21, 22, 26, 28, 27, 29, 34, 30, 32, 38, 31, 33, 35, 39, 40, 36, 42, 37, 41, 44, 48, 49, 43, 51, 47, 45, 46, 50, 52, 53, 54, 55, 61, 57, 58, 59, 60, 62, 63, 56, 64, 68, 65, 69, 66, 74, 67, 70, 72, 76, 73, 71, 75, 78, 77, 81, 80, 84, 82, 83, 87, 79, 85, 88, 89, 91, 90, 96, 92, 94, 86, 93, 97, 95, 98, 101, 107, 103, 100, 99, 105, 108, 104, 102, 111, 114, 106, 109, 110, 115, 112, 117, 118, 116, 120, 113, 119, 121, 122, 124, 128, 126, 123, 129, 131, 127, 125, 132, 133, 134, 130, 135, 137, 138, 140, 142, 136, 141, 139, 145, 143, 146, 144, 147, 148, 150, 151, 155, 149, 152, 154, 153, 158, 157, 159, 156, 162, 163, 160, 161, 166, 164, 168, 170, 165, 169, 167, 173, 174, 172, 177, 171, 175, 180, 181, 176, 182, 178, 179, 183, 185, 186, 188, 184, 187, 189, 194, 190, 192, 193, 196, 191, 195, 198, 197, 199]]
ta101.txt, time:20028.340000000, odp:[13316.0, [1, 3, 0, 2, 4, 6, 8, 9, 5, 13, 7, 12, 10, 15, 14, 11, 20, 18, 22, 16, 23, 17, 24, 21, 19, 27, 29, 26, 25, 34, 30, 28, 32, 36, 35, 31, 39, 38, 33, 37, 42, 41, 43, 44, 40, 46, 47, 45, 49, 50, 51, 52, 53, 55, 63, 58, 57, 54, 48, 59, 56, 64, 61, 60, 62, 67, 65, 68, 66, 71, 69, 76, 72, 70, 73, 74, 77, 79, 80, 75, 78, 85, 83, 82, 89, 81, 92, 84, 90, 86, 88, 87, 91, 93, 94, 95, 98, 96, 100, 101, 99, 97, 102, 105, 103, 110, 104, 109, 108, 106, 107, 111, 113, 112, 114, 118, 116, 115, 122, 117, 119, 124, 120, 121, 125, 123, 128, 126, 132, 127, 130, 131, 137, 134, 129, 136, 135, 140, 139, 133, 143, 141, 145, 138, 144, 147, 150, 142, 153, 146, 149, 148, 152, 151, 154, 156, 158, 160, 163, 155, 157, 162, 159, 161, 166, 165, 169, 164, 167, 168, 175, 172, 171, 174, 173, 170, 177, 186, 178, 188, 179, 176, 184, 180, 181, 183, 187, 185, 182, 189, 191, 193, 192, 195, 196, 197, 198, 199, 194, 190]]
ta111.txt, time:80700.739000000, odp:[29861.0, [0, 1, 3, 2, 4, 5, 6, 7, 8, 9, 10, 11, 12, 13, 14, 15, 18, 16, 21, 17, 20, 19, 22, 23, 25, 24, 27, 26, 28, 29, 30, 32, 31, 34, 33, 35, 36, 37, 39, 41, 38, 40, 42, 44, 45, 43, 46, 49, 47, 50, 48, 52, 51, 55, 53, 54, 56, 58, 57, 61, 60, 59, 63, 64, 62, 65, 66, 68, 67, 70, 69, 72, 74, 71, 75, 73, 77, 76, 78, 79, 80, 81, 82, 83, 84, 86, 85, 87, 89, 90, 88, 94, 91, 92, 93, 96, 98, 99, 101, 95, 104, 97, 102, 100, 108, 103, 107, 105, 106, 110, 109, 111, 112, 113, 114, 115, 116, 119, 117, 118, 122, 120, 124, 123, 121, 126, 125, 127, 128, 129, 130, 131, 134, 132, 135, 133, 136, 137, 139, 138, 140, 141, 142, 144, 143, 146, 145, 148, 149, 150, 147, 152, 151, 153, 154, 155, 157, 156, 159, 158, 160, 163, 161, 162, 165, 164, 166, 168, 169, 167, 171, 170, 172, 174, 173, 175, 176, 177, 178, 179, 180, 182, 181, 183, 185, 184, 186, 188, 187, 189, 192, 190, 191, 193, 195, 194, 196, 197, 198, 199, 202, 201, 200, 203, 204, 205, 207, 206, 212, 209, 208, 211, 210, 213, 214, 215, 217, 218, 219, 216, 220, 221, 224, 222, 225, 223, 228, 226, 230, 229, 227, 231, 233, 232, 234, 235, 236, 238, 237, 239, 240, 241, 242, 243, 245, 244, 247, 246, 249, 250, 251, 248, 254, 252, 255, 253, 256, 257, 259, 258, 260, 263, 261, 264, 267, 265, 262, 268, 266, 270, 269, 271, 273, 272, 275, 274, 276, 279, 280, 278, 277, 281, 282, 285, 284, 283, 286, 287, 290, 288, 289, 291, 296, 292, 293, 295, 297, 294, 299, 298, 300, 302, 301, 303, 305, 304, 306, 307, 308, 310, 309, 311, 312, 315, 314, 313, 316, 318, 317, 321, 319, 320, 322, 323, 324, 326, 330, 327, 325, 328, 329, 331, 332, 334, 333, 335, 336, 338, 339, 337, 344, 345, 340, 341, 346, 343, 342, 348, 347, 349, 350, 355, 353, 351, 352, 354, 358, 356, 360, 357, 361, 362, 359, 363, 364, 366, 365, 368, 367, 369, 370, 371, 373, 372, 375, 374, 376, 378, 377, 379, 380, 381, 382, 383, 385, 384, 388, 387, 386, 389, 390, 391, 393, 396, 392, 397, 394, 395, 400, 399, 398, 403, 402, 401, 404, 405, 407, 406, 408, 410, 409, 412, 411, 415, 413, 414, 416, 417, 419, 418, 421, 424, 420, 422, 423, 425, 426, 429, 427, 428, 431, 430, 433, 432, 434, 435, 436, 437, 438, 440, 443, 439, 442, 445, 444, 441, 447, 446, 449, 448, 450, 451, 453, 452, 455, 454, 456, 457, 459, 460, 458, 462, 461, 463, 464, 466, 465, 467, 469, 468, 471, 470, 472, 473, 475, 476, 477, 474, 478, 479, 481, 483, 482, 480, 484, 486, 487, 488, 489, 485, 491, 490, 492, 494, 495, 493, 497, 498, 496, 499]]
swap
ta001.txt, time:131.83670000000, odp:[1324.0, [0, 8, 12, 3, 10, 16, 7, 13, 1, 2, 4, 11, 14, 18, 17, 15, 5, 6, 9, 19]]
ta002.txt, time:133.35020000000, odp:[1396.0, [2, 5, 8, 0, 17, 4, 18, 3, 12, 19, 6, 16, 10, 13, 1, 9, 11, 15, 14, 7]]
ta003.txt, time:134.84600000000, odp:[1208.0, [18, 13, 0, 17, 14, 5, 19, 15, 10, 9, 2, 11, 4, 7, 3, 6, 16, 1, 12, 8]]
ta004.txt, time:136.84390000000, odp:[1440.0, [12, 16, 10, 6, 3, 19, 9, 13, 1, 7, 15, 18, 4, 17, 11, 14, 2, 8, 5, 0]]
ta005.txt, time:131.35570000000, odp:[1334.0, [3, 11, 0, 15, 8, 1, 12, 5, 9, 10, 2, 14, 18, 19, 16, 17, 6, 4, 13, 7]]
ta006.txt, time:132.84890000000, odp:[1332.0, [12, 16, 11, 5, 10, 1, 14, 19, 15, 6, 18, 3, 13, 9, 17, 8, 2, 7, 0, 4]]
ta007.txt, time:130.85070000000, odp:[1340.0, [0, 15, 2, 3, 4, 1, 6, 14, 8, 16, 10, 13, 12, 19, 7, 5, 11, 17, 18, 9]]
ta008.txt, time:131.35490000000, odp:[1329.0, [15, 13, 1, 8, 16, 12, 9, 17, 19, 4, 2, 0, 18, 3, 5, 14, 10, 11, 6, 7]]
ta009.txt, time:130.85100000000, odp:[1317.0, [3, 19, 0, 16, 10, 14, 2, 5, 9, 12, 6, 11, 17, 8, 7, 18, 4, 15, 1, 13]]
ta010.txt, time:132.84840000000, odp:[1198.0, [18, 15, 4, 11, 9, 10, 19, 6, 5, 16, 7, 17, 12, 14, 8, 0, 1, 2, 3, 13]]
ta001.txt, time:131.35520000000, odp:[1297.0, [7, 8, 5, 18, 16, 12, 6, 13, 15, 3, 1, 2, 10, 14, 0, 4, 17, 11, 9, 19]]
ta011.txt, time:243.72240000000, odp:[1758.0, [3, 4, 6, 1, 11, 7, 8, 2, 16, 14, 18, 19, 9, 15, 10, 13, 0, 12, 17, 5]]
ta021.txt, time:459.97990000000, odp:[2517.0, [7, 3, 12, 5, 14, 8, 11, 0, 19, 2, 10, 1, 17, 13, 4, 18, 16, 9, 15, 6]]
ta031.txt, time:630.78670000000, odp:[2855.0, [3, 17, 41, 20, 35, 15, 19, 9, 11, 45, 33, 28, 7, 8, 21, 23, 18, 36, 16, 4, 12, 37, 40, 46, 13, 26, 29, 43, 2, 6, 1, 25, 30, 44, 47, 38, 14, 27, 0, 48, 22, 34, 31, 42, 39, 5, 24, 49, 10, 32]]
ta041.txt, time:1160.1926000000, odp:[3378.0, [19, 14, 35, 24, 45, 3, 6, 48, 41, 11, 43, 18, 25, 29, 31, 28, 37, 26, 39, 12, 22, 27, 9, 2, 13, 15, 30, 32, 0, 42, 4, 20, 1, 34, 16, 10, 44, 49, 40, 47, 23, 8, 7, 17, 33, 5, 38, 46, 36, 21]]
ta051.txt, time:2212.8503000000, odp:[4400.0, [46, 17, 34, 14, 11, 40, 13, 15, 26, 35, 5, 4, 1, 32, 6, 7, 36, 38, 42, 47, 9, 28, 20, 45, 16, 12, 21, 29, 31, 30, 18, 10, 44, 43, 27, 48, 41, 33, 23, 25, 49, 39, 37, 3, 19, 24, 0, 2, 22, 8]]
ta061.txt, time:1839.3767000000, odp:[5624.0, [73, 33, 93, 35, 47, 14, 83, 38, 11, 84, 37, 13, 69, 54, 95, 80, 57, 99, 0, 28, 26, 85, 68, 98, 91, 58, 19, 79, 81, 12, 41, 5, 92, 59, 88, 50, 72, 3, 6, 39, 30, 8, 9, 10, 1, 52, 60, 49, 25, 42, 86, 48, 46, 97, 34, 61, 90, 89, 15, 66, 67, 16, 7, 45, 53, 71, 31, 24, 27, 51, 64, 23, 75, 94, 43, 56, 44, 63, 77, 17, 76, 2, 82, 18, 70, 36, 78, 96, 62, 55, 4, 74, 20, 40, 29, 65, 32, 21, 87, 22]]
ta071.txt, time:3441.3087000000, odp:[6190.0, [69, 95, 20, 34, 31, 27, 55, 30, 21, 45, 65, 0, 41, 23, 63, 24, 15, 88, 43, 87, 99, 8, 50, 10, 66, 86, 46, 79, 16, 37, 80, 38, 33, 53, 19, 42, 9, 4, 64, 7, 59, 13, 52, 94, 26, 3, 73, 36, 84, 12, 40, 56, 39, 54, 1, 83, 89, 71, 35, 14, 74, 48, 6, 58, 11, 25, 72, 78, 57, 91, 17, 82, 81, 68, 49, 85, 5, 61, 67, 32, 18, 97, 44, 70, 76, 98, 47, 22, 75, 62, 51, 28, 90, 92, 93, 2, 77, 96, 29, 60]]
ta081.txt, time:6568.3993000000, odp:[7189.0, [9, 24, 22, 62, 61, 60, 88, 39, 91, 13, 81, 75, 74, 23, 89, 40, 80, 92, 53, 93, 8, 54, 34, 46, 78, 83, 59, 41, 30, 18, 2, 42, 64, 76, 6, 5, 66, 27, 14, 79, 36, 16, 67, 1, 84, 48, 11, 85, 82, 45, 97, 25, 21, 96, 56, 4, 0, 73, 10, 26, 49, 69, 87, 32, 38, 20, 29, 28, 33, 98, 12, 90, 71, 44, 37, 31, 7, 65, 47, 70, 63, 43, 58, 57, 68, 95, 19, 51, 17, 55, 52, 72, 86, 3, 35, 50, 94, 99, 15, 77]]
ta091.txt, time:9818.8233000000, odp:[11382.0, [16, 175, 140, 41, 184, 57, 185, 194, 89, 199, 192, 183, 139, 174, 10, 137, 171, 75, 62, 103, 82, 163, 144, 98, 92, 141, 145, 22, 121, 130, 26, 119, 49, 79, 35, 169, 2, 99, 45, 47, 5, 118, 109, 48, 24, 39, 133, 180, 40, 195, 7, 19, 0, 150, 46, 128, 58, 191, 116, 156, 170, 36, 104, 159, 4, 94, 3, 189, 43, 162, 52, 12, 44, 13, 66, 193, 173, 154, 114, 86, 182, 178, 152, 53, 54, 164, 102, 101, 23, 124, 17, 11, 135, 27, 55, 123, 112, 33, 153, 81, 38, 196, 34, 87, 157, 146, 80, 100, 28, 9, 148, 142, 110, 113, 177, 76, 97, 127, 69, 73, 95, 37, 134, 190, 143, 115, 158, 179, 77, 93, 50, 151, 68, 107, 1, 31, 20, 14, 42, 91, 51, 147, 111, 181, 56, 60, 70, 186, 67, 65, 18, 160, 168, 125, 161, 59, 149, 85, 32, 155, 63, 105, 126, 117, 6, 88, 72, 197, 166, 132, 165, 29, 187, 90, 25, 21, 198, 120, 71, 96, 131, 172, 138, 129, 64, 122, 15, 84, 188, 8, 61, 78, 136, 30, 106, 176, 108, 83, 74, 167]]
ta101.txt, time:18904.501600000, odp:[12460.0, [118, 71, 80, 31, 132, 150, 16, 162, 12, 4, 88, 100, 197, 79, 199, 43, 180, 77, 64, 28, 185, 112, 157, 1, 59, 166, 151, 99, 54, 93, 103, 20, 181, 169, 56, 163, 74, 19, 149, 131, 6, 22, 139, 177, 124, 86, 196, 87, 120, 49, 14, 24, 189, 65, 57, 171, 105, 69, 66, 195, 194, 89, 165, 128, 140, 186, 141, 119, 107, 167, 110, 142, 144, 29, 109, 17, 170, 154, 44, 188, 35, 83, 135, 36, 48, 190, 58, 68, 7, 98, 101, 30, 18, 21, 53, 91, 160, 183, 113, 10, 122, 45, 127, 116, 40, 11, 78, 63, 187, 161, 37, 60, 62, 176, 172, 8, 174, 55, 129, 39, 38, 70, 25, 41, 108, 143, 96, 184, 146, 104, 34, 90, 121, 164, 92, 76, 23, 0, 46, 191, 179, 148, 15, 32, 130, 198, 42, 81, 138, 27, 13, 175, 50, 178, 26, 5, 145, 95, 137, 125, 153, 9, 72, 193, 192, 51, 168, 67, 61, 155, 94, 159, 111, 147, 126, 106, 114, 47, 85, 123, 102, 182, 84, 33, 117, 3, 97, 133, 136, 82, 75, 115, 173, 52, 158, 2, 152, 156, 73, 134]]
ta111.txt, time:76870.069400000, odp:[28345.0, [238, 1, 25, 381, 376, 377, 141, 466, 231, 240, 59, 157, 182, 274, 143, 321, 285, 411, 224, 80, 49, 394, 22, 127, 479, 474, 48, 30, 297, 120, 272, 496, 299, 423, 334, 383, 303, 220, 64, 105, 107, 283, 186, 296, 427, 227, 367, 63, 481, 256, 200, 154, 332, 498, 269, 31, 114, 235, 73, 315, 287, 480, 62, 323, 125, 436, 234, 441, 255, 242, 487, 150, 468, 197, 464, 113, 168, 388, 32, 165, 40, 135, 205, 352, 439, 130, 230, 172, 429, 198, 95, 122, 276, 77, 396, 34, 438, 104, 0, 3, 100, 54, 208, 252, 406, 237, 493, 310, 253, 50, 55, 148, 324, 308, 262, 195, 386, 491, 152, 204, 363, 311, 408, 66, 156, 356, 414, 305, 12, 489, 318, 171, 497, 24, 191, 418, 249, 380, 226, 432, 286, 221, 56, 102, 209, 463, 185, 144, 316, 424, 354, 288, 488, 359, 214, 61, 329, 263, 246, 189, 10, 20, 35, 410, 212, 484, 490, 338, 347, 280, 174, 430, 83, 241, 74, 23, 284, 260, 437, 5, 180, 420, 101, 233, 213, 440, 124, 244, 216, 13, 478, 160, 350, 282, 327, 109, 223, 275, 451, 342, 75, 405, 421, 348, 307, 192, 134, 371, 26, 103, 173, 469, 449, 477, 273, 476, 495, 181, 43, 36, 211, 9, 266, 129, 378, 319, 372, 458, 41, 163, 88, 166, 291, 116, 470, 53, 413, 379, 365, 42, 69, 339, 243, 403, 96, 136, 57, 184, 298, 328, 415, 206, 382, 37, 196, 443, 11, 264, 385, 459, 236, 92, 259, 87, 251, 369, 467, 16, 492, 161, 225, 250, 425, 471, 202, 325, 187, 133, 60, 140, 153, 46, 322, 317, 473, 155, 219, 270, 361, 232, 177, 17, 126, 402, 472, 422, 169, 68, 357, 82, 454, 222, 346, 115, 267, 450, 217, 146, 337, 111, 239, 306, 312, 45, 455, 207, 457, 33, 368, 462, 433, 167, 391, 373, 483, 194, 94, 188, 257, 300, 456, 326, 271, 393, 360, 89, 349, 71, 290, 145, 446, 132, 340, 416, 147, 333, 444, 4, 279, 431, 448, 417, 6, 309, 320, 407, 86, 292, 199, 314, 178, 392, 400, 162, 8, 335, 70, 434, 397, 395, 164, 47, 341, 343, 229, 294, 355, 179, 412, 108, 67, 93, 419, 151, 384, 447, 494, 336, 330, 485, 137, 183, 268, 358, 110, 254, 426, 79, 76, 399, 278, 91, 428, 2, 123, 435, 139, 281, 401, 193, 293, 175, 51, 442, 7, 499, 78, 289, 258, 445, 149, 106, 344, 142, 460, 131, 301, 277, 247, 84, 228, 97, 159, 362, 85, 65, 215, 29, 331, 370, 112, 119, 295, 72, 461, 374, 117, 19, 390, 52, 364, 375, 398, 218, 404, 304, 210, 44, 170, 345, 138, 15, 18, 39, 38, 465, 121, 90, 27, 482, 98, 158, 81, 351, 128, 475, 176, 21, 248, 486, 313, 366, 389, 353, 409, 190, 261, 452, 58, 302, 28, 118, 453, 265, 201, 387, 203, 245, 99, 14]]
