adj
ta001.txt, time:1797.0112000000, odp:[1379.0, [2, 5, 0, 19, 8, 13, 9, 14, 3, 11, 18, 16, 15, 7, 12, 10, 1, 4, 17, 6]]
ta002.txt, time:1619.2028000000, odp:[1414.0, [2, 14, 13, 1, 16, 19, 5, 17, 10, 8, 7, 6, 12, 18, 9, 11, 3, 0, 4, 15]]
ta003.txt, time:1630.6835000000, odp:[1309.0, [6, 8, 5, 2, 14, 15, 9, 10, 1, 17, 18, 13, 12, 7, 11, 16, 0, 3, 19, 4]]
ta004.txt, time:1626.2359000000, odp:[1515.0, [9, 10, 7, 1, 11, 16, 5, 3, 14, 12, 2, 19, 8, 15, 4, 6, 0, 18, 13, 17]]
ta005.txt, time:1620.7341000000, odp:[1383.0, [19, 2, 11, 15, 10, 17, 12, 18, 0, 8, 14, 3, 5, 1, 4, 6, 9, 7, 16, 13]]
ta006.txt, time:1630.2315000000, odp:[1354.0, [19, 5, 17, 9, 15, 6, 0, 10, 3, 8, 7, 16, 12, 14, 13, 1, 11, 18, 2, 4]]
ta007.txt, time:1632.1949000000, odp:[1382.0, [7, 19, 5, 1, 8, 12, 6, 15, 2, 16, 11, 9, 3, 18, 13, 10, 4, 14, 0, 17]]
ta008.txt, time:1617.7043000000, odp:[1406.0, [13, 2, 0, 15, 8, 17, 9, 7, 5, 4, 1, 10, 14, 12, 16, 18, 3, 11, 6, 19]]
ta009.txt, time:1623.5447000000, odp:[1423.0, [1, 0, 3, 2, 4, 5, 7, 6, 8, 9, 10, 11, 12, 13, 15, 14, 16, 17, 18, 19]]
ta010.txt, time:1629.6973000000, odp:[1284.0, [18, 8, 7, 5, 9, 1, 15, 12, 16, 0, 3, 10, 14, 6, 2, 4, 19, 13, 11, 17]]
ta001.txt, time:1611.8786000000, odp:[1377.0, [0, 1, 2, 4, 3, 5, 8, 6, 7, 10, 9, 11, 12, 15, 13, 14, 16, 18, 19, 17]]
ta011.txt, time:2981.1960000000, odp:[1827.0, [4, 8, 9, 3, 0, 2, 6, 5, 1, 17, 7, 10, 13, 11, 16, 18, 19, 12, 15, 14]]
ta021.txt, time:5629.6991000000, odp:[2523.0, [17, 12, 4, 14, 2, 16, 8, 18, 11, 19, 3, 6, 15, 10, 9, 1, 13, 5, 0, 7]]
ta031.txt, time:7827.4560000000, odp:[2986.0, [6, 2, 4, 13, 23, 1, 5, 39, 20, 12, 17, 7, 8, 15, 14, 3, 46, 36, 26, 11, 9, 25, 21, 22, 43, 10, 37, 28, 40, 19, 31, 35, 27, 34, 0, 45, 16, 38, 44, 24, 48, 49, 29, 33, 18, 41, 30, 42, 32, 47]]
ta041.txt, time:14468.941600000, odp:[3548.0, [3, 1, 6, 5, 10, 11, 9, 7, 2, 8, 4, 0, 16, 19, 13, 22, 21, 18, 23, 30, 12, 29, 15, 14, 28, 31, 20, 33, 25, 27, 26, 17, 32, 39, 24, 42, 35, 36, 45, 37, 34, 46, 38, 41, 49, 40, 43, 48, 47, 44]]
ta051.txt, time:27634.348400000, odp:[4654.0, [14, 2, 17, 13, 31, 15, 12, 4, 10, 8, 5, 6, 9, 11, 0, 25, 24, 22, 33, 32, 35, 18, 1, 34, 3, 46, 29, 23, 38, 16, 26, 20, 19, 27, 28, 36, 41, 42, 49, 30, 44, 43, 7, 21, 37, 45, 39, 48, 47, 40]]
ta061.txt, time:23252.397200000, odp:[5829.0, [3, 4, 12, 1, 14, 5, 2, 0, 7, 10, 15, 8, 9, 11, 21, 6, 13, 18, 16, 20, 26, 22, 25, 30, 27, 29, 17, 31, 24, 19, 23, 37, 28, 38, 40, 47, 34, 32, 35, 51, 33, 42, 36, 45, 46, 41, 39, 53, 57, 44, 43, 55, 56, 68, 49, 48, 50, 52, 58, 60, 54, 61, 65, 59, 75, 70, 80, 62, 69, 67, 63, 64, 77, 73, 81, 72, 66, 76, 71, 83, 78, 84, 79, 82, 90, 74, 94, 87, 92, 86, 98, 85, 89, 88, 91, 97, 96, 95, 93, 99]]
ta071.txt, time:43070.260700000, odp:[6624.0, [5, 2, 6, 16, 0, 28, 26, 23, 8, 11, 7, 4, 19, 1, 10, 17, 20, 34, 30, 3, 32, 22, 29, 15, 9, 18, 33, 25, 31, 14, 12, 21, 52, 27, 45, 13, 43, 40, 53, 38, 46, 35, 51, 54, 41, 42, 66, 37, 77, 50, 48, 24, 47, 39, 62, 55, 64, 76, 57, 56, 71, 36, 73, 60, 61, 75, 63, 69, 80, 58, 49, 83, 44, 59, 87, 88, 68, 90, 82, 74, 70, 79, 96, 92, 67, 95, 65, 89, 86, 72, 85, 97, 94, 93, 84, 78, 91, 98, 81, 99]]
ta081.txt, time:82370.808900000, odp:[7611.0, [10, 4, 26, 5, 1, 3, 15, 7, 11, 6, 14, 31, 8, 34, 19, 12, 28, 13, 41, 18, 9, 17, 0, 30, 20, 25, 2, 23, 29, 21, 35, 27, 22, 37, 49, 24, 53, 44, 38, 40, 33, 68, 36, 47, 48, 32, 55, 63, 56, 39, 58, 16, 61, 45, 59, 62, 64, 50, 76, 46, 42, 43, 69, 51, 71, 85, 66, 67, 65, 80, 81, 78, 86, 52, 57, 70, 60, 54, 84, 75, 72, 89, 93, 74, 96, 79, 77, 88, 98, 95, 90, 99, 94, 73, 82, 91, 83, 92, 87, 97]]
ta091.txt, time:123571.85190000, odp:[12004.0, [0, 1, 2, 3, 6, 5, 4, 7, 8, 14, 10, 9, 15, 13, 11, 12, 17, 19, 16, 21, 20, 18, 22, 24, 25, 23, 30, 27, 28, 29, 31, 26, 34, 33, 32, 38, 36, 35, 40, 43, 37, 39, 45, 41, 42, 46, 44, 49, 47, 48, 54, 50, 51, 53, 52, 55, 58, 56, 60, 57, 61, 59, 62, 66, 63, 65, 64, 68, 69, 72, 67, 70, 71, 73, 75, 74, 76, 81, 80, 78, 79, 77, 83, 82, 84, 85, 90, 88, 87, 86, 89, 91, 93, 99, 96, 92, 94, 95, 98, 97, 101, 100, 102, 107, 103, 104, 105, 106, 108, 113, 109, 116, 110, 111, 115, 112, 118, 114, 121, 117, 119, 120, 122, 124, 125, 123, 126, 129, 130, 127, 132, 131, 128, 135, 134, 137, 133, 136, 140, 138, 141, 143, 139, 146, 149, 142, 147, 145, 148, 144, 153, 152, 150, 151, 157, 154, 155, 160, 161, 158, 156, 162, 164, 159, 169, 163, 166, 168, 165, 172, 167, 171, 176, 170, 174, 175, 173, 180, 177, 178, 181, 184, 179, 183, 186, 182, 191, 185, 187, 188, 189, 192, 190, 193, 196, 194, 195, 199, 198, 197]]
ta101.txt, time:239319.34590000, odp:[13374.0, [4, 8, 0, 19, 18, 17, 1, 5, 14, 2, 3, 33, 24, 6, 7, 20, 23, 29, 22, 16, 40, 10, 9, 21, 11, 28, 12, 25, 32, 34, 36, 43, 26, 13, 51, 39, 41, 53, 50, 15, 42, 27, 54, 48, 37, 30, 31, 44, 52, 57, 38, 55, 59, 66, 46, 47, 45, 68, 35, 60, 73, 58, 84, 63, 77, 49, 65, 69, 75, 80, 56, 72, 64, 79, 61, 74, 81, 76, 89, 91, 104, 94, 62, 83, 70, 67, 87, 71, 88, 86, 90, 109, 102, 85, 78, 97, 92, 96, 111, 99, 107, 93, 95, 125, 103, 117, 82, 115, 98, 110, 118, 101, 106, 116, 124, 100, 105, 122, 126, 120, 114, 113, 121, 123, 141, 130, 133, 143, 127, 132, 112, 136, 119, 148, 108, 128, 157, 140, 134, 146, 144, 129, 131, 138, 149, 142, 166, 154, 135, 170, 162, 156, 161, 137, 139, 169, 159, 152, 145, 153, 151, 164, 150, 158, 185, 174, 147, 168, 179, 165, 163, 155, 173, 171, 182, 188, 160, 192, 189, 172, 191, 176, 181, 167, 177, 195, 183, 175, 190, 199, 178, 196, 194, 197, 187, 198, 184, 193, 186, 180]]
ta111.txt, time:1001497.3327000, odp:[29773.0, [0, 1, 7, 9, 10, 13, 4, 6, 22, 11, 5, 2, 15, 18, 16, 3, 17, 21, 25, 28, 8, 14, 27, 12, 19, 35, 34, 24, 43, 30, 26, 36, 37, 39, 20, 42, 23, 29, 32, 33, 49, 58, 51, 55, 41, 46, 38, 50, 31, 57, 48, 45, 66, 47, 54, 44, 59, 73, 56, 71, 62, 60, 61, 52, 53, 77, 40, 64, 72, 68, 75, 81, 82, 67, 74, 78, 90, 63, 80, 93, 79, 69, 76, 84, 70, 83, 89, 97, 65, 99, 96, 85, 86, 92, 88, 87, 98, 106, 102, 103, 108, 100, 110, 91, 117, 105, 104, 101, 95, 120, 107, 124, 109, 113, 94, 115, 116, 111, 112, 114, 119, 122, 126, 118, 121, 125, 143, 132, 130, 139, 127, 131, 136, 129, 138, 128, 137, 140, 146, 145, 147, 123, 149, 154, 148, 135, 133, 144, 141, 164, 134, 142, 160, 167, 155, 153, 159, 157, 150, 163, 166, 151, 162, 175, 191, 169, 156, 158, 176, 173, 152, 182, 161, 170, 168, 172, 178, 188, 171, 186, 177, 187, 165, 181, 183, 184, 190, 174, 198, 179, 180, 192, 206, 204, 193, 189, 194, 185, 207, 203, 197, 201, 199, 196, 209, 202, 195, 200, 228, 205, 212, 216, 215, 214, 235, 220, 217, 226, 232, 211, 224, 213, 223, 218, 210, 208, 234, 239, 222, 221, 231, 230, 238, 233, 225, 246, 227, 219, 249, 251, 241, 243, 258, 229, 237, 244, 250, 264, 248, 257, 236, 240, 261, 245, 262, 252, 259, 253, 255, 242, 247, 263, 267, 254, 268, 260, 256, 266, 265, 277, 276, 280, 274, 279, 287, 271, 270, 273, 284, 275, 282, 269, 301, 272, 286, 291, 283, 281, 285, 297, 298, 293, 303, 292, 300, 288, 311, 290, 294, 278, 289, 296, 312, 302, 318, 299, 306, 304, 308, 309, 305, 307, 315, 320, 313, 295, 322, 314, 310, 316, 327, 343, 323, 326, 328, 324, 340, 321, 317, 336, 331, 332, 333, 325, 330, 319, 329, 345, 334, 335, 342, 338, 362, 353, 347, 349, 339, 348, 341, 363, 350, 352, 351, 355, 337, 367, 366, 383, 356, 357, 379, 346, 364, 354, 370, 372, 359, 368, 344, 385, 358, 369, 361, 371, 360, 365, 378, 381, 382, 377, 389, 395, 401, 387, 386, 373, 388, 374, 396, 376, 397, 394, 380, 375, 408, 384, 404, 391, 406, 393, 409, 398, 399, 400, 402, 390, 415, 418, 416, 403, 413, 414, 407, 423, 419, 411, 424, 443, 392, 420, 412, 405, 426, 433, 428, 430, 410, 421, 417, 432, 438, 444, 422, 435, 446, 437, 427, 425, 447, 429, 442, 459, 436, 441, 434, 439, 455, 453, 448, 440, 458, 467, 450, 454, 431, 445, 449, 463, 451, 460, 465, 464, 456, 452, 469, 457, 474, 461, 462, 477, 473, 468, 483, 472, 479, 470, 481, 466, 476, 475, 471, 478, 486, 482, 487, 492, 484, 489, 498, 493, 488, 491, 485, 490, 480, 495, 496, 499, 494, 497]]
swap
ta001.txt, time:1685.5945000000, odp:[1350.0, [14, 2, 12, 9, 18, 0, 15, 3, 6, 10, 4, 8, 1, 7, 13, 17, 11, 16, 5, 19]]
ta002.txt, time:1685.1370000000, odp:[1397.0, [19, 16, 2, 6, 11, 14, 18, 12, 4, 17, 8, 10, 13, 5, 1, 3, 7, 9, 15, 0]]
ta003.txt, time:1690.1235000000, odp:[1216.0, [19, 15, 17, 18, 13, 4, 2, 14, 8, 9, 12, 11, 1, 10, 0, 7, 6, 5, 16, 3]]
ta004.txt, time:1678.1583000000, odp:[1429.0, [12, 10, 1, 0, 8, 18, 9, 3, 16, 5, 2, 19, 7, 6, 15, 11, 14, 4, 13, 17]]
ta005.txt, time:1683.6572000000, odp:[1319.0, [14, 11, 0, 2, 13, 9, 16, 12, 3, 15, 6, 1, 18, 5, 8, 10, 7, 17, 4, 19]]
ta006.txt, time:1688.1226000000, odp:[1296.0, [16, 10, 15, 3, 6, 14, 7, 5, 11, 18, 0, 1, 12, 9, 8, 13, 19, 17, 4, 2]]
ta007.txt, time:1686.6369000000, odp:[1312.0, [4, 14, 2, 6, 19, 7, 15, 3, 10, 5, 13, 16, 18, 1, 17, 9, 12, 11, 0, 8]]
ta008.txt, time:1688.0758000000, odp:[1332.0, [16, 3, 19, 15, 8, 11, 13, 7, 4, 1, 2, 0, 5, 9, 18, 6, 12, 17, 10, 14]]
ta009.txt, time:1690.0739000000, odp:[1361.0, [1, 0, 8, 3, 9, 7, 17, 16, 5, 11, 12, 6, 10, 13, 19, 14, 2, 15, 18, 4]]
ta010.txt, time:1695.0643000000, odp:[1224.0, [10, 5, 0, 1, 17, 18, 9, 15, 2, 8, 14, 16, 11, 13, 6, 19, 4, 12, 7, 3]]
ta001.txt, time:1691.0875000000, odp:[1332.0, [14, 18, 5, 6, 10, 7, 8, 0, 9, 13, 3, 15, 1, 4, 16, 12, 17, 2, 11, 19]]
ta011.txt, time:3156.7680000000, odp:[1767.0, [1, 15, 11, 16, 14, 9, 13, 18, 6, 3, 8, 4, 5, 7, 19, 10, 12, 17, 0, 2]]
ta021.txt, time:6079.7629000000, odp:[2495.0, [7, 2, 15, 0, 4, 9, 6, 14, 13, 12, 8, 10, 5, 19, 16, 17, 18, 11, 3, 1]]
ta031.txt, time:8514.8372000000, odp:[2775.0, [40, 27, 35, 33, 8, 5, 1, 36, 38, 49, 44, 31, 20, 45, 22, 3, 43, 25, 10, 42, 12, 29, 0, 28, 2, 48, 14, 23, 16, 19, 37, 21, 26, 41, 17, 18, 7, 32, 9, 46, 34, 24, 30, 13, 11, 4, 6, 39, 47, 15]]
ta041.txt, time:15106.782000000, odp:[3298.0, [42, 17, 37, 21, 46, 11, 32, 3, 48, 41, 14, 20, 2, 1, 33, 43, 19, 7, 24, 30, 8, 34, 45, 22, 13, 28, 23, 40, 4, 36, 16, 26, 35, 9, 25, 15, 12, 29, 44, 27, 0, 10, 49, 5, 39, 38, 47, 31, 6, 18]]
ta051.txt, time:27726.268100000, odp:[4417.0, [43, 16, 30, 34, 7, 31, 25, 24, 40, 35, 48, 38, 14, 10, 4, 19, 13, 23, 5, 29, 6, 42, 36, 8, 28, 15, 49, 33, 26, 46, 3, 41, 27, 9, 22, 39, 12, 1, 37, 18, 0, 44, 11, 21, 47, 20, 32, 45, 17, 2]]
ta061.txt, time:23169.710400000, odp:[5622.0, [73, 85, 70, 49, 88, 32, 41, 33, 98, 59, 68, 25, 74, 95, 24, 9, 61, 0, 5, 26, 36, 39, 7, 57, 45, 75, 31, 81, 28, 38, 37, 82, 67, 27, 2, 94, 15, 43, 42, 10, 84, 34, 99, 12, 30, 3, 23, 51, 79, 47, 90, 17, 40, 44, 54, 18, 50, 71, 60, 86, 55, 52, 13, 77, 48, 22, 8, 11, 92, 53, 66, 35, 21, 63, 93, 69, 62, 20, 89, 96, 16, 58, 1, 4, 72, 91, 6, 83, 14, 76, 29, 97, 80, 46, 64, 87, 56, 78, 19, 65]]
ta071.txt, time:44603.294700000, odp:[6372.0, [91, 22, 11, 90, 99, 69, 58, 56, 59, 75, 94, 4, 1, 96, 48, 34, 79, 57, 39, 50, 83, 55, 19, 63, 46, 6, 44, 51, 73, 86, 95, 92, 72, 16, 35, 20, 64, 21, 36, 81, 52, 10, 47, 41, 53, 3, 97, 62, 5, 30, 9, 82, 0, 77, 80, 2, 12, 87, 43, 14, 7, 18, 67, 31, 66, 26, 78, 65, 29, 33, 42, 13, 38, 54, 71, 61, 28, 98, 17, 76, 89, 23, 25, 45, 15, 74, 85, 60, 27, 8, 93, 24, 70, 84, 88, 49, 40, 37, 68, 32]]
ta081.txt, time:84817.500500000, odp:[7234.0, [41, 15, 80, 17, 32, 75, 34, 50, 7, 30, 37, 92, 67, 4, 79, 9, 64, 2, 53, 46, 59, 78, 71, 96, 56, 39, 72, 49, 61, 55, 93, 85, 82, 0, 24, 74, 25, 81, 38, 20, 48, 26, 97, 33, 73, 86, 69, 45, 76, 52, 51, 42, 8, 31, 99, 16, 21, 94, 65, 63, 90, 70, 3, 13, 98, 6, 23, 57, 91, 5, 87, 22, 89, 83, 68, 14, 47, 35, 11, 62, 1, 84, 77, 28, 18, 58, 66, 43, 12, 95, 60, 40, 44, 88, 10, 36, 27, 54, 19, 29]]
ta091.txt, time:125500.93210000, odp:[11321.0, [189, 35, 65, 86, 12, 55, 119, 7, 68, 152, 145, 75, 37, 90, 43, 8, 162, 25, 1, 44, 169, 187, 104, 82, 150, 96, 27, 176, 199, 170, 155, 122, 3, 13, 36, 157, 60, 2, 154, 70, 165, 108, 140, 49, 192, 83, 87, 21, 73, 137, 14, 175, 64, 92, 39, 129, 164, 134, 147, 95, 41, 88, 163, 112, 29, 19, 98, 56, 173, 99, 161, 131, 142, 159, 26, 123, 153, 132, 109, 74, 62, 101, 97, 148, 126, 34, 52, 193, 138, 171, 184, 17, 130, 31, 194, 4, 84, 149, 69, 0, 141, 38, 114, 125, 128, 46, 24, 158, 102, 80, 79, 22, 111, 172, 177, 100, 191, 196, 195, 32, 67, 10, 53, 115, 124, 106, 121, 110, 107, 139, 18, 61, 117, 63, 28, 30, 89, 85, 6, 76, 16, 146, 160, 50, 77, 186, 42, 167, 182, 143, 5, 48, 127, 78, 166, 156, 33, 190, 188, 15, 116, 183, 185, 144, 23, 54, 118, 113, 151, 120, 81, 45, 47, 20, 136, 40, 91, 11, 66, 181, 72, 103, 174, 178, 105, 180, 94, 57, 197, 133, 51, 168, 9, 59, 179, 198, 71, 135, 58, 93]]
ta101.txt, time:242230.11260000, odp:[12670.0, [71, 76, 77, 103, 82, 92, 48, 132, 191, 166, 117, 175, 33, 157, 179, 45, 49, 134, 68, 104, 187, 120, 87, 107, 194, 178, 136, 154, 93, 98, 16, 5, 140, 37, 9, 151, 3, 155, 146, 100, 94, 1, 138, 78, 13, 124, 85, 163, 0, 167, 153, 69, 108, 143, 122, 42, 66, 28, 144, 199, 119, 22, 165, 17, 4, 115, 116, 159, 54, 183, 105, 102, 51, 61, 30, 173, 197, 64, 86, 180, 90, 12, 8, 110, 171, 53, 172, 83, 31, 6, 198, 55, 118, 145, 150, 47, 174, 149, 32, 184, 84, 99, 193, 101, 164, 79, 196, 46, 129, 168, 176, 139, 24, 38, 125, 36, 65, 63, 111, 41, 34, 50, 160, 130, 97, 121, 158, 189, 162, 14, 141, 21, 56, 26, 156, 88, 135, 10, 20, 59, 126, 131, 114, 109, 52, 27, 89, 19, 67, 60, 18, 25, 186, 11, 113, 58, 181, 195, 44, 40, 188, 185, 62, 95, 177, 152, 112, 74, 35, 147, 57, 170, 43, 190, 39, 29, 106, 72, 7, 169, 70, 128, 75, 182, 91, 137, 96, 2, 161, 148, 127, 80, 192, 15, 142, 23, 133, 73, 81, 123]]
ta111.txt, time:970299.82940000, odp:[28660.0, [205, 367, 481, 37, 474, 171, 16, 163, 57, 196, 468, 437, 455, 307, 327, 368, 152, 282, 52, 295, 435, 276, 194, 33, 0, 452, 336, 372, 211, 103, 186, 457, 250, 436, 67, 45, 479, 12, 14, 490, 424, 229, 203, 370, 467, 382, 151, 477, 416, 445, 383, 485, 187, 24, 13, 244, 332, 375, 221, 285, 235, 184, 188, 259, 51, 359, 391, 189, 68, 2, 280, 357, 364, 213, 305, 252, 281, 86, 386, 87, 145, 154, 148, 130, 9, 466, 304, 440, 115, 200, 417, 17, 122, 131, 371, 358, 413, 297, 232, 432, 91, 113, 27, 112, 6, 409, 360, 434, 398, 246, 489, 105, 498, 373, 191, 212, 66, 411, 121, 80, 237, 70, 124, 345, 224, 36, 443, 126, 182, 310, 415, 329, 101, 419, 287, 128, 99, 389, 119, 161, 353, 155, 298, 338, 132, 251, 15, 48, 431, 339, 117, 284, 180, 32, 271, 208, 243, 257, 433, 261, 349, 450, 260, 451, 323, 21, 61, 158, 363, 335, 141, 38, 380, 313, 23, 197, 166, 341, 309, 241, 116, 47, 449, 376, 168, 460, 317, 4, 85, 46, 215, 492, 81, 465, 104, 20, 142, 447, 159, 439, 312, 147, 76, 254, 361, 255, 289, 65, 256, 169, 268, 59, 140, 227, 350, 10, 177, 446, 111, 279, 74, 392, 233, 165, 69, 42, 223, 430, 258, 207, 226, 143, 499, 109, 181, 242, 340, 253, 442, 273, 493, 29, 176, 219, 247, 483, 249, 62, 40, 387, 73, 342, 25, 429, 428, 53, 355, 157, 30, 135, 480, 220, 234, 286, 162, 83, 494, 408, 496, 98, 77, 264, 472, 334, 470, 402, 228, 218, 448, 277, 399, 478, 238, 459, 283, 469, 269, 265, 75, 427, 418, 388, 270, 5, 100, 136, 384, 272, 263, 231, 262, 395, 308, 326, 96, 303, 178, 421, 476, 471, 160, 209, 185, 174, 318, 444, 198, 179, 35, 296, 192, 172, 156, 422, 325, 278, 473, 217, 441, 193, 97, 239, 394, 92, 7, 484, 302, 84, 190, 71, 43, 401, 454, 385, 407, 236, 210, 31, 150, 89, 343, 82, 420, 108, 463, 129, 164, 299, 423, 274, 123, 412, 356, 410, 458, 18, 19, 366, 294, 60, 175, 324, 379, 170, 403, 167, 414, 354, 133, 22, 11, 8, 320, 400, 230, 288, 49, 319, 50, 90, 137, 63, 41, 462, 120, 346, 393, 306, 149, 464, 139, 405, 1, 275, 34, 125, 58, 390, 426, 475, 88, 311, 351, 79, 78, 127, 337, 321, 365, 54, 245, 183, 199, 240, 146, 106, 369, 316, 300, 64, 216, 374, 404, 153, 44, 144, 344, 290, 56, 497, 114, 315, 110, 301, 333, 28, 248, 488, 225, 322, 222, 94, 202, 487, 93, 406, 291, 292, 456, 347, 102, 39, 352, 486, 138, 206, 397, 293, 118, 314, 461, 204, 331, 381, 378, 328, 195, 491, 173, 267, 396, 453, 425, 330, 26, 134, 482, 377, 438, 362, 348, 495, 3, 266, 55, 72, 214, 95, 107, 201]]
