adj
ta001.txt, time:885.49650000000, odp:[1305.0, [16, 2, 8, 0, 5, 4, 7, 15, 3, 14, 17, 18, 13, 11, 10, 12, 1, 9, 6, 19]]
ta002.txt, time:868.54190000000, odp:[1377.0, [16, 5, 6, 11, 2, 0, 17, 3, 18, 19, 15, 8, 4, 12, 7, 14, 10, 13, 9, 1]]
ta003.txt, time:869.02150000000, odp:[1226.0, [2, 4, 0, 8, 15, 16, 13, 19, 3, 6, 11, 5, 10, 9, 14, 12, 17, 1, 18, 7]]
ta004.txt, time:871.04320000000, odp:[1475.0, [8, 1, 0, 6, 19, 4, 12, 3, 14, 7, 5, 16, 11, 18, 10, 9, 2, 15, 13, 17]]
ta005.txt, time:856.03620000000, odp:[1310.0, [17, 11, 6, 3, 2, 15, 5, 9, 4, 16, 12, 10, 1, 0, 7, 18, 8, 14, 13, 19]]
ta006.txt, time:877.01140000000, odp:[1384.0, [4, 16, 6, 5, 7, 9, 2, 12, 0, 8, 15, 1, 10, 17, 3, 18, 13, 19, 11, 14]]
ta007.txt, time:869.02840000000, odp:[1288.0, [9, 12, 4, 0, 3, 5, 1, 15, 7, 11, 19, 16, 18, 17, 10, 2, 14, 6, 8, 13]]
ta008.txt, time:853.06010000000, odp:[1320.0, [4, 13, 0, 9, 15, 12, 16, 5, 3, 1, 6, 8, 2, 14, 17, 11, 18, 7, 19, 10]]
ta009.txt, time:839.37380000000, odp:[1319.0, [3, 2, 5, 11, 0, 4, 10, 9, 1, 19, 18, 14, 6, 12, 15, 7, 16, 17, 8, 13]]
ta010.txt, time:844.05980000000, odp:[1174.0, [6, 10, 5, 11, 0, 1, 4, 2, 9, 13, 12, 7, 17, 8, 15, 16, 18, 3, 14, 19]]
ta001.txt, time:839.06620000000, odp:[1342.0, [2, 14, 12, 5, 13, 19, 10, 0, 3, 1, 7, 18, 6, 11, 8, 16, 4, 17, 15, 9]]
ta011.txt, time:1545.5922000000, odp:[1776.0, [4, 11, 18, 8, 6, 14, 3, 2, 5, 1, 9, 0, 7, 12, 10, 13, 15, 19, 17, 16]]
ta021.txt, time:3385.7530000000, odp:[2510.0, [5, 7, 1, 13, 6, 17, 12, 4, 14, 3, 16, 8, 0, 10, 15, 11, 9, 19, 2, 18]]
ta031.txt, time:6599.1365000000, odp:[2906.0, [13, 17, 2, 11, 7, 6, 5, 3, 14, 10, 16, 23, 24, 19, 30, 26, 1, 22, 21, 33, 8, 29, 12, 28, 4, 27, 9, 36, 0, 32, 34, 25, 45, 15, 18, 31, 38, 42, 35, 43, 47, 49, 44, 37, 40, 46, 48, 20, 41, 39]]
ta041.txt, time:10466.065900000, odp:[3411.0, [7, 1, 13, 36, 14, 0, 10, 8, 6, 18, 2, 19, 3, 17, 5, 4, 12, 11, 25, 32, 9, 16, 26, 22, 42, 24, 20, 29, 31, 30, 37, 27, 15, 41, 45, 21, 33, 34, 35, 28, 39, 40, 43, 46, 48, 23, 49, 38, 47, 44]]
ta051.txt, time:21134.799700000, odp:[4588.0, [0, 3, 9, 2, 25, 13, 1, 6, 16, 5, 12, 4, 7, 23, 15, 20, 18, 8, 14, 29, 19, 17, 10, 26, 24, 11, 31, 37, 32, 38, 21, 27, 33, 30, 46, 28, 49, 35, 22, 36, 48, 41, 45, 39, 40, 47, 44, 43, 42, 34]]
ta061.txt, time:22137.090900000, odp:[5775.0, [2, 3, 19, 6, 9, 7, 8, 0, 23, 14, 12, 15, 34, 18, 4, 26, 17, 5, 1, 21, 38, 25, 24, 13, 16, 11, 10, 20, 29, 22, 40, 37, 30, 27, 32, 48, 33, 39, 44, 35, 43, 36, 47, 41, 42, 31, 28, 46, 70, 64, 45, 59, 49, 68, 65, 50, 52, 66, 56, 54, 78, 63, 51, 67, 72, 55, 57, 53, 58, 62, 75, 60, 71, 74, 84, 99, 77, 82, 85, 69, 88, 73, 61, 91, 95, 79, 90, 81, 86, 76, 89, 96, 94, 87, 98, 83, 93, 80, 92, 97]]
ta071.txt, time:50313.413000000, odp:[6502.0, [11, 0, 2, 12, 6, 18, 19, 34, 23, 1, 33, 14, 16, 20, 5, 22, 21, 8, 10, 4, 3, 25, 9, 15, 31, 29, 17, 7, 39, 45, 40, 30, 27, 26, 13, 24, 28, 32, 47, 43, 38, 61, 37, 55, 53, 52, 65, 59, 57, 46, 50, 41, 54, 35, 62, 63, 48, 51, 36, 67, 70, 80, 66, 49, 58, 44, 72, 73, 96, 56, 83, 90, 89, 71, 42, 86, 76, 64, 82, 68, 78, 60, 79, 84, 92, 74, 81, 87, 93, 99, 85, 69, 88, 94, 75, 98, 97, 95, 91, 77]]
ta081.txt, time:86936.249400000, odp:[7344.0, [3, 9, 2, 11, 1, 30, 14, 6, 15, 12, 19, 16, 21, 0, 5, 8, 10, 13, 4, 32, 25, 20, 28, 18, 31, 24, 23, 22, 17, 39, 41, 36, 35, 47, 37, 29, 26, 46, 48, 7, 43, 42, 53, 59, 55, 33, 27, 52, 40, 34, 68, 44, 75, 49, 45, 38, 50, 62, 51, 81, 54, 57, 58, 67, 83, 74, 69, 66, 82, 56, 65, 87, 61, 88, 64, 70, 97, 63, 60, 96, 73, 77, 95, 85, 89, 80, 78, 72, 76, 79, 91, 86, 94, 71, 84, 92, 93, 98, 90, 99]]
ta091.txt, time:177877.41440000, odp:[11756.0, [15, 6, 11, 7, 1, 0, 16, 3, 4, 14, 9, 5, 8, 13, 12, 23, 18, 10, 17, 31, 2, 25, 37, 19, 21, 35, 20, 24, 44, 32, 39, 45, 34, 29, 22, 27, 47, 36, 30, 26, 33, 61, 40, 50, 42, 38, 48, 46, 57, 60, 62, 56, 28, 63, 43, 41, 64, 52, 72, 55, 74, 67, 51, 49, 81, 79, 58, 59, 54, 70, 53, 65, 86, 82, 73, 77, 94, 76, 69, 78, 107, 68, 83, 66, 71, 91, 84, 89, 100, 103, 90, 87, 75, 85, 95, 80, 98, 92, 108, 106, 88, 109, 118, 99, 114, 102, 119, 96, 125, 101, 113, 112, 116, 97, 110, 128, 104, 105, 120, 115, 111, 122, 130, 126, 124, 93, 143, 129, 131, 133, 146, 121, 141, 138, 127, 144, 158, 137, 132, 142, 117, 153, 147, 140, 136, 149, 150, 139, 135, 148, 155, 123, 166, 154, 156, 145, 157, 134, 180, 159, 160, 151, 162, 164, 165, 177, 170, 152, 181, 168, 194, 174, 161, 163, 171, 176, 175, 167, 185, 179, 182, 199, 172, 190, 195, 173, 197, 169, 186, 189, 184, 193, 196, 178, 183, 187, 191, 188, 192, 198]]
ta101.txt, time:341105.51080000, odp:[12896.0, [17, 6, 1, 12, 15, 4, 26, 5, 0, 19, 16, 14, 29, 9, 2, 25, 10, 7, 13, 8, 37, 33, 24, 11, 34, 3, 18, 47, 32, 41, 31, 38, 22, 35, 21, 45, 53, 48, 39, 52, 46, 27, 43, 23, 28, 20, 40, 54, 67, 66, 69, 30, 57, 44, 68, 36, 42, 59, 56, 70, 49, 55, 65, 50, 80, 51, 72, 58, 61, 83, 62, 64, 73, 75, 89, 85, 63, 103, 77, 60, 94, 76, 84, 81, 98, 79, 82, 88, 101, 71, 74, 78, 106, 90, 102, 92, 110, 86, 96, 99, 95, 91, 117, 97, 109, 118, 93, 107, 113, 108, 87, 100, 115, 112, 120, 135, 114, 122, 124, 126, 105, 136, 131, 104, 111, 129, 116, 139, 154, 127, 148, 123, 130, 132, 125, 144, 146, 149, 121, 147, 128, 119, 145, 143, 164, 134, 133, 162, 163, 151, 159, 167, 156, 150, 137, 160, 157, 138, 171, 140, 152, 142, 141, 168, 155, 185, 153, 173, 158, 161, 193, 174, 180, 170, 179, 165, 199, 186, 176, 184, 188, 189, 196, 166, 172, 181, 177, 169, 182, 197, 192, 195, 175, 198, 178, 194, 190, 183, 187, 191]]
ta111.txt, time:2057267.9268000, odp:[29350.0, [13, 14, 12, 1, 6, 7, 5, 2, 11, 3, 8, 15, 9, 10, 18, 25, 0, 22, 19, 27, 26, 16, 30, 17, 36, 43, 4, 20, 32, 28, 31, 40, 41, 37, 24, 42, 55, 33, 39, 35, 29, 53, 50, 23, 34, 21, 44, 69, 47, 54, 38, 46, 64, 48, 65, 45, 51, 59, 62, 63, 60, 68, 75, 61, 74, 56, 49, 73, 52, 84, 67, 70, 58, 96, 76, 77, 79, 57, 66, 80, 85, 99, 78, 71, 72, 90, 81, 86, 93, 113, 87, 95, 103, 104, 83, 122, 91, 128, 89, 98, 97, 105, 88, 94, 119, 108, 82, 101, 143, 106, 100, 111, 102, 109, 110, 92, 116, 115, 107, 125, 123, 137, 112, 131, 150, 114, 126, 118, 134, 127, 129, 139, 120, 140, 117, 130, 124, 135, 141, 136, 132, 133, 158, 157, 121, 151, 145, 147, 138, 154, 163, 149, 148, 161, 144, 155, 146, 152, 159, 153, 166, 168, 172, 142, 162, 175, 165, 176, 170, 178, 183, 160, 179, 174, 169, 182, 181, 167, 187, 195, 184, 156, 189, 190, 191, 196, 204, 171, 185, 164, 205, 177, 198, 193, 203, 192, 202, 208, 228, 173, 200, 199, 211, 201, 217, 194, 186, 197, 221, 231, 220, 180, 212, 214, 188, 207, 216, 210, 238, 219, 209, 215, 247, 223, 241, 232, 218, 225, 206, 244, 224, 246, 222, 213, 240, 234, 237, 230, 229, 236, 233, 254, 226, 235, 267, 261, 243, 248, 260, 249, 256, 239, 266, 227, 250, 268, 255, 253, 251, 272, 242, 258, 252, 281, 264, 270, 257, 245, 295, 265, 262, 263, 280, 277, 259, 274, 275, 292, 271, 269, 273, 288, 294, 278, 303, 276, 320, 287, 324, 286, 302, 296, 293, 282, 289, 301, 307, 331, 291, 290, 311, 300, 279, 308, 283, 285, 312, 328, 321, 305, 299, 284, 314, 306, 297, 298, 304, 310, 322, 318, 317, 332, 316, 329, 313, 315, 327, 338, 326, 319, 341, 335, 323, 334, 349, 309, 347, 340, 339, 330, 343, 344, 337, 325, 355, 351, 360, 345, 352, 346, 336, 350, 333, 361, 362, 354, 363, 370, 358, 348, 359, 342, 368, 357, 369, 364, 353, 377, 365, 366, 372, 385, 378, 380, 382, 374, 387, 394, 373, 386, 371, 356, 384, 375, 379, 392, 411, 383, 391, 396, 367, 393, 399, 407, 395, 414, 403, 401, 416, 381, 389, 390, 410, 406, 376, 420, 400, 409, 402, 405, 412, 388, 415, 397, 419, 413, 421, 427, 431, 417, 418, 422, 426, 398, 445, 408, 434, 425, 450, 404, 430, 437, 433, 438, 441, 447, 423, 429, 456, 439, 424, 451, 449, 458, 459, 428, 446, 440, 432, 448, 464, 435, 442, 462, 453, 443, 463, 436, 465, 452, 454, 461, 470, 479, 474, 455, 460, 468, 486, 469, 477, 472, 478, 471, 444, 490, 467, 457, 487, 473, 485, 466, 475, 497, 482, 494, 499, 496, 488, 481, 484, 492, 476, 495, 491, 493, 489, 498, 480, 483]]
swap
ta001.txt, time:943.93560000000, odp:[1323.0, [7, 14, 2, 16, 15, 0, 6, 10, 4, 8, 18, 5, 13, 3, 1, 17, 9, 11, 12, 19]]
ta002.txt, time:961.91480000000, odp:[1378.0, [5, 18, 14, 11, 9, 17, 2, 6, 0, 12, 10, 3, 16, 13, 4, 15, 19, 8, 1, 7]]
ta003.txt, time:997.87320000000, odp:[1132.0, [15, 13, 19, 17, 2, 18, 3, 6, 11, 0, 10, 12, 5, 9, 14, 4, 7, 8, 16, 1]]
ta004.txt, time:956.91970000000, odp:[1351.0, [15, 12, 18, 9, 16, 8, 0, 14, 13, 10, 1, 11, 19, 17, 6, 4, 5, 2, 7, 3]]
ta005.txt, time:953.92460000000, odp:[1298.0, [9, 11, 16, 15, 2, 3, 5, 6, 17, 14, 4, 8, 10, 12, 13, 1, 7, 18, 0, 19]]
ta006.txt, time:959.91620000000, odp:[1228.0, [12, 13, 16, 5, 10, 15, 19, 4, 14, 11, 1, 6, 3, 17, 7, 9, 8, 0, 18, 2]]
ta007.txt, time:954.42820000000, odp:[1268.0, [4, 10, 12, 11, 3, 5, 1, 2, 16, 0, 8, 7, 15, 19, 17, 6, 18, 13, 14, 9]]
ta008.txt, time:945.93280000000, odp:[1283.0, [8, 16, 1, 11, 0, 2, 4, 13, 18, 12, 9, 5, 3, 17, 6, 7, 15, 14, 10, 19]]
ta009.txt, time:993.87770000000, odp:[1276.0, [3, 9, 1, 19, 17, 14, 2, 0, 11, 7, 5, 6, 13, 16, 12, 15, 10, 8, 4, 18]]
ta010.txt, time:943.93540000000, odp:[1182.0, [4, 10, 5, 1, 9, 7, 12, 0, 11, 15, 2, 13, 6, 17, 16, 18, 14, 8, 19, 3]]
ta001.txt, time:941.44140000000, odp:[1297.0, [5, 16, 2, 1, 13, 14, 7, 8, 6, 3, 10, 4, 18, 12, 0, 17, 11, 15, 9, 19]]
ta011.txt, time:1728.0515000000, odp:[1725.0, [3, 17, 1, 8, 5, 19, 7, 18, 4, 9, 10, 14, 13, 0, 12, 15, 11, 16, 2, 6]]
ta021.txt, time:3272.8059000000, odp:[2417.0, [7, 8, 14, 17, 11, 9, 15, 4, 12, 19, 5, 6, 10, 1, 13, 16, 0, 2, 18, 3]]
ta031.txt, time:5806.9464000000, odp:[2774.0, [2, 31, 16, 3, 1, 29, 33, 40, 19, 37, 36, 38, 25, 34, 26, 23, 27, 10, 30, 28, 9, 8, 45, 39, 41, 44, 14, 22, 17, 0, 18, 49, 43, 5, 12, 42, 35, 4, 24, 6, 21, 13, 20, 7, 46, 48, 47, 15, 11, 32]]
ta041.txt, time:10800.814700000, odp:[3264.0, [24, 32, 37, 42, 43, 14, 18, 36, 21, 34, 27, 23, 17, 48, 2, 9, 11, 13, 16, 3, 6, 28, 0, 7, 15, 19, 41, 22, 31, 46, 12, 29, 8, 40, 1, 26, 4, 39, 30, 5, 33, 10, 44, 49, 45, 35, 25, 47, 20, 38]]
ta051.txt, time:20918.445800000, odp:[4285.0, [19, 16, 37, 34, 21, 14, 42, 41, 45, 32, 27, 30, 13, 17, 38, 4, 5, 33, 25, 35, 7, 40, 44, 39, 28, 26, 43, 22, 3, 11, 12, 6, 15, 1, 46, 23, 36, 20, 29, 10, 18, 24, 48, 47, 2, 0, 9, 49, 31, 8]]
ta061.txt, time:23640.904400000, odp:[5546.0, [73, 38, 9, 71, 14, 30, 45, 63, 96, 32, 58, 75, 83, 35, 56, 48, 6, 39, 88, 43, 92, 54, 33, 23, 16, 94, 8, 76, 93, 67, 82, 60, 97, 52, 78, 4, 95, 55, 84, 61, 57, 81, 44, 50, 79, 3, 86, 10, 49, 64, 42, 11, 1, 25, 53, 36, 26, 72, 69, 28, 22, 12, 7, 19, 21, 85, 18, 87, 24, 37, 89, 41, 99, 74, 66, 70, 62, 47, 34, 40, 13, 98, 77, 80, 27, 90, 5, 31, 20, 59, 2, 15, 51, 17, 0, 65, 68, 29, 91, 46]]
ta071.txt, time:43546.237700000, odp:[6054.0, [34, 92, 69, 79, 19, 63, 95, 16, 20, 25, 84, 32, 23, 51, 76, 13, 41, 38, 31, 48, 3, 37, 35, 90, 57, 7, 26, 50, 66, 12, 43, 97, 28, 59, 44, 80, 99, 61, 14, 27, 55, 46, 58, 40, 75, 0, 53, 85, 49, 72, 96, 86, 52, 83, 82, 67, 9, 17, 73, 91, 98, 54, 65, 88, 94, 30, 4, 45, 56, 89, 64, 47, 68, 71, 6, 21, 42, 70, 18, 10, 60, 74, 24, 1, 15, 5, 36, 81, 93, 77, 11, 62, 33, 8, 87, 29, 39, 78, 22, 2]]
ta081.txt, time:82302.624600000, odp:[6885.0, [58, 21, 75, 47, 78, 30, 99, 32, 0, 2, 38, 31, 61, 9, 91, 45, 67, 44, 40, 90, 54, 87, 76, 53, 65, 85, 33, 43, 5, 79, 64, 70, 29, 62, 69, 59, 1, 56, 74, 24, 77, 20, 8, 94, 93, 17, 73, 49, 72, 39, 92, 50, 3, 14, 68, 34, 60, 41, 98, 19, 96, 22, 28, 11, 66, 37, 84, 12, 48, 10, 25, 51, 4, 42, 95, 15, 57, 81, 80, 16, 97, 55, 13, 18, 35, 89, 36, 52, 71, 46, 83, 27, 6, 82, 86, 88, 23, 63, 26, 7]]
ta091.txt, time:170568.94400000, odp:[11085.0, [40, 69, 165, 79, 93, 2, 171, 86, 62, 10, 146, 126, 68, 155, 20, 174, 197, 124, 103, 149, 115, 153, 70, 27, 24, 189, 9, 0, 196, 75, 178, 72, 136, 35, 53, 41, 12, 36, 104, 60, 142, 150, 120, 6, 16, 99, 83, 135, 112, 145, 188, 160, 139, 180, 170, 81, 66, 163, 193, 58, 65, 26, 159, 43, 158, 184, 138, 50, 73, 15, 144, 191, 133, 7, 105, 137, 151, 190, 185, 32, 56, 152, 48, 131, 82, 47, 123, 21, 14, 46, 3, 84, 186, 85, 77, 37, 199, 169, 90, 113, 195, 55, 76, 39, 8, 110, 106, 176, 17, 166, 117, 132, 23, 147, 198, 19, 25, 128, 33, 13, 192, 172, 45, 109, 107, 59, 52, 182, 140, 102, 101, 162, 88, 96, 95, 175, 34, 164, 94, 80, 125, 179, 11, 111, 74, 114, 61, 119, 5, 181, 18, 22, 100, 194, 127, 4, 143, 154, 91, 161, 57, 157, 108, 167, 141, 129, 42, 116, 134, 130, 54, 121, 71, 78, 38, 49, 30, 31, 87, 187, 118, 98, 168, 148, 183, 173, 29, 92, 64, 156, 1, 97, 51, 89, 28, 67, 122, 63, 44, 177]]
ta101.txt, time:329739.38430000, odp:[12216.0, [78, 17, 13, 35, 75, 112, 115, 128, 51, 55, 20, 68, 125, 135, 41, 100, 157, 143, 70, 6, 169, 80, 104, 197, 167, 44, 66, 82, 49, 127, 144, 53, 154, 171, 120, 58, 38, 153, 131, 180, 22, 123, 32, 116, 124, 60, 34, 90, 149, 54, 21, 145, 142, 191, 64, 23, 14, 146, 155, 46, 79, 39, 96, 108, 48, 159, 166, 185, 105, 133, 24, 65, 8, 110, 161, 119, 89, 4, 29, 176, 160, 30, 102, 86, 174, 59, 76, 163, 139, 183, 158, 121, 12, 129, 152, 151, 168, 117, 26, 11, 126, 190, 181, 198, 150, 187, 45, 42, 63, 173, 107, 118, 87, 81, 18, 7, 74, 132, 95, 37, 10, 62, 175, 69, 9, 3, 50, 137, 101, 177, 140, 91, 141, 1, 52, 122, 27, 2, 16, 28, 92, 114, 25, 109, 194, 84, 196, 56, 77, 40, 184, 98, 33, 88, 188, 165, 72, 83, 186, 130, 85, 67, 36, 61, 148, 136, 15, 94, 111, 156, 134, 172, 19, 103, 97, 93, 164, 195, 47, 199, 193, 106, 189, 138, 162, 113, 5, 43, 73, 57, 170, 31, 71, 147, 192, 0, 99, 178, 179, 182]]
ta111.txt, time:2078180.8536000, odp:[27617.0, [203, 23, 5, 150, 310, 466, 490, 492, 55, 239, 370, 224, 287, 144, 72, 332, 387, 4, 154, 9, 378, 216, 34, 226, 361, 356, 380, 376, 410, 284, 200, 155, 425, 243, 470, 43, 191, 455, 0, 65, 442, 61, 480, 324, 139, 417, 326, 152, 392, 229, 100, 218, 18, 85, 457, 420, 159, 302, 427, 120, 432, 473, 242, 181, 143, 360, 444, 359, 22, 235, 278, 40, 68, 403, 456, 45, 489, 11, 353, 443, 156, 124, 343, 111, 364, 21, 237, 20, 498, 190, 494, 57, 99, 251, 129, 96, 130, 418, 69, 295, 223, 260, 234, 27, 227, 188, 219, 79, 279, 406, 162, 313, 58, 194, 202, 33, 363, 123, 221, 372, 291, 452, 48, 170, 330, 180, 430, 484, 16, 386, 74, 379, 93, 468, 306, 315, 256, 346, 459, 183, 301, 165, 358, 451, 296, 458, 98, 298, 335, 28, 115, 440, 145, 103, 383, 3, 39, 475, 270, 271, 424, 88, 87, 214, 230, 304, 311, 407, 160, 196, 269, 439, 445, 255, 396, 241, 339, 42, 408, 288, 321, 264, 15, 78, 486, 467, 397, 314, 322, 496, 89, 176, 35, 394, 52, 116, 344, 169, 240, 422, 250, 36, 233, 275, 51, 389, 209, 108, 62, 1, 140, 222, 415, 175, 198, 446, 413, 82, 118, 487, 95, 213, 290, 460, 477, 465, 345, 277, 349, 423, 147, 106, 135, 114, 81, 67, 369, 441, 340, 266, 142, 151, 281, 273, 337, 305, 75, 174, 220, 206, 474, 172, 274, 433, 328, 409, 401, 325, 289, 41, 186, 12, 185, 471, 308, 323, 416, 13, 329, 398, 491, 476, 73, 14, 80, 367, 262, 285, 37, 210, 390, 385, 197, 497, 357, 499, 110, 211, 272, 485, 495, 355, 472, 350, 327, 257, 184, 454, 127, 66, 331, 276, 157, 414, 179, 101, 259, 64, 105, 119, 205, 316, 411, 231, 182, 377, 282, 312, 17, 395, 192, 404, 263, 56, 351, 447, 493, 374, 246, 38, 365, 426, 97, 318, 31, 483, 7, 482, 373, 400, 204, 469, 317, 232, 248, 303, 429, 236, 453, 431, 461, 121, 479, 126, 70, 102, 60, 384, 2, 366, 254, 286, 352, 50, 488, 173, 44, 448, 449, 128, 382, 86, 146, 334, 258, 109, 338, 464, 463, 189, 117, 77, 437, 131, 164, 193, 438, 113, 125, 300, 319, 212, 297, 141, 341, 267, 265, 136, 138, 253, 10, 354, 283, 215, 320, 478, 49, 244, 309, 299, 137, 450, 381, 405, 247, 199, 24, 158, 333, 375, 228, 371, 104, 201, 53, 252, 187, 177, 208, 292, 25, 171, 402, 92, 91, 153, 307, 94, 167, 166, 148, 112, 462, 76, 268, 133, 6, 342, 481, 29, 30, 63, 84, 294, 412, 245, 399, 419, 336, 47, 32, 428, 54, 436, 388, 391, 362, 207, 122, 178, 217, 168, 149, 161, 46, 26, 83, 8, 293, 132, 134, 71, 368, 393, 238, 225, 348, 107, 280, 90, 249, 195, 435, 421, 434, 163, 261, 59, 347, 19]]
