adj
ta001.txt, time:1727.0363000000, odp:[1384.0, [3, 0, 18, 7, 9, 16, 14, 12, 8, 4, 19, 6, 13, 11, 15, 5, 2, 10, 1, 17]]
ta002.txt, time:1637.1336000000, odp:[1482.0, [2, 1, 3, 6, 8, 0, 7, 4, 5, 11, 10, 9, 12, 13, 16, 14, 19, 15, 17, 18]]
ta003.txt, time:1632.6258000000, odp:[1304.0, [2, 6, 4, 3, 19, 13, 18, 1, 14, 0, 7, 9, 8, 10, 15, 5, 12, 17, 11, 16]]
ta004.txt, time:1646.1443000000, odp:[1471.0, [15, 18, 14, 16, 13, 8, 6, 4, 17, 7, 10, 11, 19, 0, 12, 3, 5, 9, 1, 2]]
ta005.txt, time:1632.1905000000, odp:[1400.0, [0, 4, 2, 11, 1, 8, 13, 3, 10, 6, 14, 12, 5, 15, 7, 18, 9, 16, 19, 17]]
ta006.txt, time:1635.6814000000, odp:[1418.0, [5, 13, 0, 2, 11, 16, 1, 6, 18, 7, 4, 19, 9, 3, 12, 10, 17, 14, 15, 8]]
ta007.txt, time:1640.2045000000, odp:[1398.0, [9, 1, 4, 0, 7, 3, 2, 5, 6, 10, 11, 12, 13, 14, 19, 15, 8, 18, 16, 17]]
ta008.txt, time:1629.1973000000, odp:[1362.0, [13, 10, 16, 1, 11, 7, 15, 18, 6, 17, 19, 3, 2, 14, 9, 5, 4, 8, 12, 0]]
ta009.txt, time:1642.1268000000, odp:[1316.0, [3, 2, 1, 7, 8, 11, 9, 0, 6, 5, 4, 10, 12, 14, 15, 17, 16, 19, 13, 18]]
ta010.txt, time:1637.1324000000, odp:[1282.0, [16, 6, 0, 8, 5, 19, 4, 14, 12, 18, 10, 11, 7, 3, 15, 2, 9, 1, 13, 17]]
ta001.txt, time:1634.1421000000, odp:[1379.0, [12, 4, 3, 9, 2, 13, 7, 19, 15, 0, 8, 6, 11, 10, 18, 16, 14, 1, 5, 17]]
ta011.txt, time:2993.6273000000, odp:[1801.0, [4, 2, 3, 0, 16, 1, 11, 12, 7, 8, 10, 18, 6, 13, 14, 19, 15, 9, 17, 5]]
ta021.txt, time:5691.3464000000, odp:[2564.0, [3, 10, 4, 5, 0, 14, 6, 8, 2, 9, 11, 19, 12, 1, 17, 16, 15, 18, 13, 7]]
ta031.txt, time:7926.1947000000, odp:[2936.0, [3, 2, 14, 10, 22, 44, 21, 4, 17, 6, 41, 8, 12, 29, 0, 9, 19, 7, 1, 16, 35, 36, 13, 31, 27, 11, 15, 5, 20, 49, 25, 45, 39, 28, 37, 46, 32, 24, 23, 40, 18, 26, 48, 34, 33, 30, 42, 38, 47, 43]]
ta041.txt, time:14577.833600000, odp:[3571.0, [19, 7, 6, 0, 21, 8, 13, 41, 16, 1, 22, 20, 46, 12, 31, 2, 18, 15, 14, 27, 11, 3, 10, 29, 23, 4, 24, 40, 17, 26, 43, 9, 45, 35, 33, 5, 34, 37, 44, 49, 32, 28, 36, 25, 39, 42, 30, 48, 38, 47]]
ta051.txt, time:28017.774900000, odp:[4635.0, [17, 0, 2, 5, 16, 3, 10, 15, 4, 9, 21, 8, 7, 6, 11, 29, 25, 37, 1, 46, 27, 12, 13, 33, 22, 30, 18, 19, 14, 47, 23, 45, 26, 20, 36, 35, 43, 24, 32, 38, 44, 42, 48, 31, 28, 39, 41, 34, 49, 40]]
ta061.txt, time:23507.789500000, odp:[5752.0, [6, 14, 24, 11, 22, 10, 8, 4, 9, 7, 18, 16, 3, 12, 19, 32, 1, 5, 15, 17, 28, 26, 25, 21, 0, 20, 37, 13, 30, 27, 34, 45, 31, 2, 40, 29, 55, 51, 54, 23, 36, 41, 44, 68, 38, 42, 48, 57, 39, 47, 35, 62, 61, 52, 50, 64, 46, 70, 65, 63, 58, 33, 67, 59, 74, 95, 53, 78, 56, 49, 73, 43, 75, 60, 66, 71, 79, 69, 77, 72, 88, 99, 90, 82, 81, 76, 96, 86, 85, 94, 97, 93, 98, 80, 84, 89, 83, 92, 87, 91]]
ta071.txt, time:43376.092700000, odp:[6726.0, [2, 1, 5, 13, 0, 3, 20, 9, 14, 23, 7, 10, 22, 12, 16, 21, 4, 18, 11, 8, 24, 6, 27, 15, 34, 42, 30, 26, 31, 37, 35, 43, 17, 50, 38, 19, 28, 25, 53, 48, 39, 33, 29, 40, 52, 44, 32, 64, 57, 36, 55, 45, 49, 68, 46, 59, 41, 51, 78, 61, 62, 76, 47, 58, 72, 70, 54, 66, 75, 60, 74, 88, 63, 67, 56, 83, 65, 99, 69, 94, 85, 82, 71, 81, 87, 90, 80, 79, 77, 92, 89, 95, 93, 91, 73, 98, 86, 96, 97, 84]]
ta081.txt, time:83222.053200000, odp:[7558.0, [0, 16, 1, 3, 10, 15, 5, 12, 7, 9, 21, 13, 4, 27, 24, 18, 14, 33, 8, 11, 39, 20, 36, 6, 26, 35, 34, 29, 22, 48, 17, 32, 49, 19, 2, 54, 38, 28, 42, 31, 47, 37, 45, 30, 23, 41, 55, 64, 25, 50, 59, 43, 73, 57, 68, 46, 51, 60, 40, 56, 87, 77, 44, 75, 76, 58, 74, 63, 85, 69, 72, 70, 81, 71, 91, 65, 90, 93, 61, 52, 62, 97, 86, 53, 98, 83, 80, 66, 95, 99, 67, 88, 79, 89, 84, 82, 92, 94, 96, 78]]
ta091.txt, time:124950.48340000, odp:[11945.0, [4, 0, 5, 1, 2, 3, 6, 7, 10, 8, 9, 14, 13, 16, 12, 15, 18, 19, 11, 22, 23, 17, 25, 24, 27, 31, 20, 29, 30, 21, 33, 26, 35, 38, 32, 34, 40, 28, 41, 46, 36, 39, 47, 37, 48, 42, 44, 49, 51, 43, 54, 53, 45, 57, 52, 56, 55, 50, 58, 59, 61, 62, 65, 68, 66, 60, 67, 64, 75, 63, 69, 72, 73, 70, 76, 78, 71, 82, 77, 74, 79, 80, 86, 81, 83, 85, 93, 84, 90, 89, 88, 87, 94, 92, 91, 97, 98, 95, 101, 102, 96, 107, 99, 104, 108, 103, 100, 105, 113, 110, 106, 114, 109, 112, 111, 122, 119, 117, 126, 121, 115, 118, 116, 123, 127, 120, 124, 130, 125, 129, 133, 132, 128, 137, 138, 131, 135, 139, 136, 134, 146, 140, 142, 141, 145, 143, 149, 144, 147, 148, 152, 150, 151, 154, 153, 155, 156, 158, 159, 167, 157, 163, 161, 160, 164, 169, 165, 168, 162, 166, 170, 174, 173, 171, 176, 172, 177, 182, 175, 179, 178, 181, 180, 186, 183, 188, 185, 184, 189, 187, 190, 192, 194, 196, 199, 191, 197, 195, 193, 198]]
ta101.txt, time:239870.63690000, odp:[13328.0, [4, 2, 0, 3, 16, 7, 9, 19, 1, 6, 26, 11, 13, 8, 5, 18, 17, 21, 12, 10, 22, 14, 29, 24, 28, 25, 15, 47, 23, 37, 20, 45, 36, 38, 34, 33, 41, 30, 27, 52, 40, 42, 32, 31, 35, 46, 39, 53, 49, 50, 58, 59, 43, 56, 44, 48, 57, 51, 66, 75, 55, 61, 54, 63, 70, 60, 73, 64, 68, 71, 65, 78, 62, 72, 67, 76, 85, 82, 84, 80, 81, 92, 77, 69, 88, 86, 96, 100, 79, 74, 99, 95, 91, 102, 101, 111, 83, 93, 97, 108, 89, 87, 90, 116, 106, 104, 98, 94, 103, 107, 114, 124, 112, 128, 105, 121, 110, 119, 120, 122, 123, 115, 109, 131, 118, 127, 113, 125, 136, 129, 135, 134, 126, 139, 137, 117, 141, 142, 130, 132, 133, 154, 138, 144, 140, 147, 143, 145, 146, 151, 156, 157, 149, 159, 148, 153, 158, 155, 160, 167, 150, 152, 163, 179, 165, 168, 161, 174, 175, 170, 164, 178, 181, 162, 169, 191, 176, 172, 183, 177, 166, 188, 185, 186, 173, 171, 180, 199, 190, 193, 192, 198, 197, 187, 195, 194, 196, 189, 184, 182]]
ta111.txt, time:979039.55900000, odp:[29741.0, [1, 0, 4, 2, 7, 6, 5, 21, 14, 9, 12, 13, 3, 18, 24, 19, 10, 16, 8, 17, 26, 11, 20, 37, 15, 29, 34, 22, 35, 23, 42, 30, 32, 41, 31, 33, 28, 36, 25, 27, 40, 48, 39, 43, 50, 44, 38, 45, 47, 46, 49, 53, 55, 52, 58, 67, 64, 63, 54, 51, 65, 74, 60, 59, 75, 61, 70, 57, 73, 81, 71, 56, 69, 62, 66, 68, 77, 80, 86, 79, 82, 84, 78, 87, 72, 92, 76, 93, 83, 89, 88, 96, 98, 104, 94, 90, 85, 100, 91, 99, 102, 95, 108, 97, 101, 103, 113, 112, 118, 116, 110, 121, 106, 119, 107, 115, 125, 132, 105, 109, 111, 120, 114, 124, 127, 123, 129, 117, 126, 136, 140, 122, 130, 135, 141, 134, 143, 131, 138, 139, 142, 144, 133, 148, 152, 128, 145, 151, 146, 137, 147, 156, 158, 161, 150, 153, 154, 157, 155, 149, 164, 159, 172, 162, 165, 163, 167, 175, 160, 179, 168, 174, 169, 173, 176, 166, 177, 171, 192, 180, 178, 181, 185, 183, 184, 170, 196, 182, 186, 188, 191, 199, 200, 187, 197, 206, 190, 189, 193, 195, 209, 204, 198, 194, 205, 211, 203, 202, 208, 213, 212, 215, 214, 201, 210, 218, 216, 225, 217, 220, 207, 231, 221, 219, 239, 223, 230, 226, 222, 224, 228, 241, 227, 236, 232, 243, 233, 235, 229, 238, 237, 248, 255, 251, 234, 246, 257, 242, 252, 247, 240, 245, 250, 244, 254, 263, 258, 261, 253, 249, 264, 267, 259, 266, 256, 260, 276, 271, 265, 268, 278, 273, 270, 279, 262, 274, 281, 287, 275, 272, 284, 269, 280, 283, 282, 277, 290, 286, 295, 292, 285, 305, 294, 293, 302, 289, 301, 313, 288, 296, 311, 298, 300, 291, 303, 310, 297, 304, 299, 308, 306, 307, 312, 309, 323, 314, 317, 322, 327, 319, 315, 316, 324, 320, 328, 331, 321, 325, 339, 326, 330, 346, 318, 329, 332, 337, 338, 334, 336, 343, 350, 335, 333, 344, 342, 341, 340, 352, 358, 347, 345, 348, 354, 355, 361, 369, 359, 349, 366, 363, 360, 368, 351, 357, 362, 353, 364, 365, 356, 370, 375, 374, 373, 367, 376, 379, 380, 372, 385, 381, 384, 390, 378, 377, 382, 371, 386, 391, 396, 393, 389, 383, 392, 388, 402, 387, 404, 408, 398, 401, 395, 399, 407, 394, 397, 406, 403, 400, 412, 414, 410, 413, 423, 405, 417, 419, 411, 415, 416, 422, 429, 418, 409, 426, 424, 420, 436, 434, 435, 421, 427, 440, 425, 438, 428, 448, 445, 430, 432, 431, 444, 437, 456, 450, 439, 451, 441, 452, 449, 447, 458, 433, 460, 443, 442, 453, 446, 455, 454, 473, 465, 462, 457, 477, 467, 472, 469, 463, 464, 459, 474, 466, 471, 461, 476, 468, 478, 481, 475, 479, 484, 470, 490, 480, 485, 491, 486, 492, 483, 487, 499, 498, 494, 482, 497, 495, 496, 489, 488, 493]]
swap
ta001.txt, time:1820.5084000000, odp:[1339.0, [5, 12, 3, 8, 10, 16, 14, 4, 19, 2, 6, 13, 18, 15, 0, 1, 17, 7, 11, 9]]
ta002.txt, time:1666.2005000000, odp:[1396.0, [14, 8, 15, 2, 6, 19, 12, 9, 17, 1, 4, 13, 5, 0, 3, 7, 11, 16, 18, 10]]
ta003.txt, time:1663.2575000000, odp:[1222.0, [18, 17, 3, 13, 19, 5, 6, 2, 16, 12, 4, 9, 15, 11, 0, 14, 10, 1, 8, 7]]
ta004.txt, time:1646.6851000000, odp:[1432.0, [16, 5, 8, 15, 1, 12, 6, 18, 10, 7, 0, 19, 14, 11, 2, 9, 17, 4, 13, 3]]
ta005.txt, time:1645.3080000000, odp:[1338.0, [11, 8, 16, 18, 2, 3, 15, 4, 5, 1, 12, 19, 7, 17, 13, 0, 6, 14, 9, 10]]
ta006.txt, time:1643.3166000000, odp:[1286.0, [10, 1, 4, 11, 15, 16, 6, 5, 12, 3, 8, 0, 17, 9, 19, 7, 2, 13, 14, 18]]
ta007.txt, time:1668.5697000000, odp:[1323.0, [14, 9, 12, 16, 10, 4, 19, 11, 5, 2, 6, 18, 3, 8, 13, 1, 7, 17, 0, 15]]
ta008.txt, time:1715.6294000000, odp:[1323.0, [1, 8, 16, 17, 2, 13, 3, 11, 7, 18, 12, 9, 4, 15, 14, 5, 10, 0, 6, 19]]
ta009.txt, time:1867.4800000000, odp:[1341.0, [1, 15, 3, 19, 11, 5, 18, 16, 4, 17, 0, 13, 7, 9, 12, 6, 10, 14, 2, 8]]
ta010.txt, time:1690.1842000000, odp:[1240.0, [10, 0, 12, 5, 9, 2, 19, 8, 17, 18, 6, 15, 1, 16, 3, 11, 7, 4, 14, 13]]
ta001.txt, time:1818.3031000000, odp:[1355.0, [13, 8, 5, 14, 1, 0, 12, 16, 18, 4, 6, 3, 9, 10, 2, 11, 15, 17, 7, 19]]
ta011.txt, time:3100.5544000000, odp:[1775.0, [17, 2, 3, 14, 5, 11, 19, 18, 4, 8, 7, 1, 9, 16, 10, 6, 12, 15, 13, 0]]
ta021.txt, time:5687.3798000000, odp:[2457.0, [15, 6, 13, 7, 14, 3, 16, 8, 19, 9, 10, 12, 1, 2, 18, 5, 11, 17, 4, 0]]
ta031.txt, time:8064.4793000000, odp:[2882.0, [10, 8, 33, 42, 22, 16, 30, 44, 21, 31, 17, 18, 35, 9, 27, 4, 40, 3, 1, 0, 38, 23, 45, 12, 20, 43, 49, 2, 13, 41, 26, 7, 29, 39, 48, 11, 37, 47, 34, 28, 5, 6, 19, 24, 25, 36, 32, 15, 46, 14]]
ta041.txt, time:15297.063100000, odp:[3475.0, [35, 15, 21, 17, 10, 28, 18, 36, 2, 14, 7, 11, 49, 16, 39, 3, 33, 29, 22, 0, 42, 4, 47, 23, 40, 48, 27, 1, 5, 32, 45, 13, 12, 31, 34, 9, 25, 37, 41, 46, 43, 38, 19, 24, 26, 44, 30, 8, 20, 6]]
ta051.txt, time:27847.122700000, odp:[4516.0, [34, 30, 27, 9, 6, 23, 14, 35, 48, 5, 17, 40, 19, 0, 46, 31, 3, 2, 42, 32, 43, 12, 28, 15, 1, 49, 4, 16, 10, 20, 45, 18, 47, 13, 24, 25, 8, 38, 33, 41, 7, 39, 22, 26, 37, 21, 11, 29, 44, 36]]
ta061.txt, time:23520.970400000, odp:[5710.0, [94, 25, 91, 82, 63, 84, 7, 10, 97, 15, 60, 13, 14, 96, 30, 93, 33, 70, 61, 19, 39, 3, 18, 90, 26, 28, 95, 16, 57, 66, 80, 4, 98, 77, 54, 49, 86, 2, 32, 8, 23, 41, 83, 34, 85, 12, 1, 24, 55, 53, 52, 59, 42, 69, 38, 47, 73, 68, 79, 74, 99, 17, 78, 27, 51, 21, 50, 5, 40, 81, 58, 76, 0, 67, 65, 31, 56, 64, 72, 22, 92, 71, 35, 43, 87, 44, 62, 20, 6, 89, 75, 46, 45, 29, 9, 48, 11, 37, 36, 88]]
ta071.txt, time:43320.072900000, odp:[6391.0, [39, 68, 14, 55, 82, 93, 90, 64, 30, 13, 63, 97, 20, 91, 27, 54, 94, 87, 7, 5, 4, 71, 33, 84, 19, 76, 24, 78, 29, 3, 88, 57, 21, 69, 85, 10, 67, 41, 50, 70, 60, 16, 79, 96, 32, 65, 45, 46, 40, 59, 86, 48, 89, 36, 11, 18, 92, 2, 1, 73, 26, 35, 81, 95, 42, 8, 56, 51, 23, 22, 31, 66, 17, 0, 37, 43, 47, 99, 80, 12, 62, 6, 98, 53, 38, 15, 74, 28, 83, 58, 61, 9, 72, 75, 49, 52, 34, 77, 44, 25]]
ta081.txt, time:82958.740100000, odp:[7306.0, [77, 90, 28, 99, 59, 55, 40, 97, 34, 96, 0, 15, 10, 79, 83, 92, 89, 56, 47, 70, 21, 2, 48, 5, 74, 30, 91, 80, 3, 51, 61, 67, 23, 69, 26, 14, 88, 86, 95, 33, 98, 78, 32, 49, 29, 31, 4, 62, 64, 12, 7, 13, 65, 8, 44, 43, 17, 22, 38, 85, 39, 24, 37, 54, 84, 16, 82, 25, 19, 42, 41, 58, 71, 50, 18, 53, 35, 36, 68, 75, 20, 52, 93, 11, 6, 60, 76, 73, 1, 57, 46, 45, 66, 72, 81, 9, 27, 63, 94, 87]]
ta091.txt, time:125390.01590000, odp:[11661.0, [113, 198, 71, 96, 48, 189, 56, 118, 153, 105, 61, 148, 4, 36, 76, 24, 123, 109, 165, 73, 13, 37, 99, 20, 46, 86, 133, 132, 75, 178, 142, 188, 84, 149, 126, 143, 147, 115, 193, 51, 69, 55, 138, 18, 139, 130, 82, 65, 108, 114, 172, 174, 140, 179, 158, 159, 43, 32, 117, 81, 102, 160, 191, 11, 107, 194, 60, 175, 0, 180, 15, 127, 79, 87, 93, 137, 167, 54, 16, 41, 168, 190, 111, 154, 42, 197, 58, 21, 145, 40, 101, 50, 185, 33, 196, 134, 62, 110, 45, 80, 166, 14, 192, 49, 124, 29, 183, 22, 67, 184, 135, 161, 8, 150, 119, 164, 26, 66, 120, 100, 25, 1, 103, 19, 186, 173, 77, 12, 34, 5, 181, 2, 88, 121, 98, 97, 3, 74, 141, 23, 144, 169, 157, 104, 95, 83, 27, 39, 59, 151, 146, 89, 92, 31, 177, 199, 57, 10, 85, 47, 64, 116, 17, 28, 155, 91, 38, 162, 72, 106, 78, 125, 44, 131, 136, 163, 129, 156, 112, 152, 6, 182, 52, 90, 70, 187, 68, 9, 53, 122, 195, 30, 171, 128, 7, 176, 170, 94, 63, 35]]
ta101.txt, time:237933.39730000, odp:[12925.0, [100, 65, 184, 32, 185, 122, 164, 139, 31, 136, 66, 47, 90, 143, 39, 23, 116, 11, 105, 125, 75, 120, 56, 48, 112, 180, 163, 188, 128, 124, 3, 168, 110, 55, 28, 155, 130, 146, 40, 53, 162, 26, 195, 37, 170, 142, 198, 93, 54, 147, 151, 41, 98, 77, 87, 24, 57, 12, 99, 27, 92, 29, 191, 169, 86, 79, 72, 150, 10, 44, 20, 179, 62, 158, 18, 84, 133, 81, 85, 138, 22, 5, 51, 16, 34, 199, 68, 141, 6, 102, 15, 118, 70, 76, 152, 137, 0, 13, 109, 166, 144, 14, 64, 119, 134, 160, 132, 148, 190, 140, 177, 108, 127, 131, 165, 104, 71, 60, 95, 2, 83, 129, 175, 121, 161, 63, 154, 183, 7, 193, 157, 178, 176, 156, 174, 115, 45, 8, 96, 52, 153, 171, 38, 101, 145, 21, 30, 89, 59, 197, 67, 1, 73, 50, 172, 159, 117, 9, 187, 49, 135, 46, 43, 182, 167, 42, 69, 113, 189, 194, 103, 61, 91, 78, 74, 94, 173, 36, 35, 114, 4, 19, 107, 196, 186, 88, 106, 123, 126, 181, 82, 17, 97, 192, 25, 33, 149, 111, 58, 80]]
ta111.txt, time:972387.86970000, odp:[29382.0, [486, 87, 41, 278, 298, 127, 378, 14, 471, 110, 236, 368, 443, 229, 101, 487, 108, 315, 77, 457, 328, 141, 58, 310, 66, 296, 266, 1, 466, 355, 311, 176, 175, 94, 158, 246, 449, 0, 271, 33, 253, 145, 120, 178, 191, 436, 357, 488, 252, 60, 324, 97, 184, 109, 429, 202, 360, 146, 99, 405, 275, 292, 415, 325, 21, 230, 189, 139, 126, 237, 322, 401, 63, 423, 231, 473, 348, 173, 398, 495, 159, 136, 171, 57, 358, 254, 240, 216, 461, 156, 367, 393, 215, 317, 132, 476, 53, 104, 462, 289, 74, 206, 234, 283, 414, 9, 265, 172, 478, 65, 477, 154, 359, 464, 170, 187, 204, 263, 61, 16, 431, 438, 365, 131, 390, 420, 157, 111, 228, 84, 407, 115, 448, 148, 183, 200, 224, 340, 102, 117, 452, 124, 295, 143, 174, 450, 68, 327, 203, 227, 351, 282, 330, 416, 313, 425, 121, 82, 31, 496, 426, 190, 123, 36, 309, 284, 54, 179, 134, 107, 356, 413, 377, 286, 267, 235, 147, 207, 71, 5, 482, 209, 218, 440, 380, 153, 288, 95, 459, 17, 8, 387, 484, 397, 418, 219, 314, 93, 307, 142, 72, 412, 339, 490, 140, 337, 85, 465, 7, 480, 262, 408, 481, 188, 427, 51, 18, 460, 76, 6, 40, 492, 345, 281, 196, 403, 373, 302, 42, 494, 177, 383, 419, 15, 116, 248, 300, 444, 243, 396, 366, 213, 238, 485, 410, 164, 306, 30, 55, 304, 308, 456, 86, 350, 372, 430, 130, 112, 260, 470, 421, 220, 26, 261, 205, 293, 424, 192, 270, 392, 197, 221, 3, 343, 129, 182, 447, 78, 35, 166, 225, 318, 251, 37, 32, 376, 67, 80, 150, 305, 44, 338, 334, 371, 160, 83, 369, 301, 12, 48, 46, 321, 217, 114, 297, 472, 133, 13, 497, 45, 439, 29, 90, 241, 375, 299, 91, 312, 106, 347, 479, 152, 399, 257, 326, 149, 70, 169, 10, 329, 165, 222, 386, 277, 342, 144, 336, 233, 162, 69, 181, 437, 381, 113, 285, 24, 105, 489, 384, 258, 23, 256, 446, 226, 400, 404, 422, 370, 391, 194, 273, 81, 52, 363, 232, 331, 379, 344, 38, 27, 335, 125, 28, 163, 354, 417, 402, 269, 435, 316, 167, 341, 138, 442, 64, 294, 135, 151, 374, 434, 223, 47, 155, 320, 475, 433, 411, 98, 333, 346, 268, 212, 22, 498, 352, 198, 319, 96, 385, 388, 474, 43, 25, 62, 349, 208, 79, 19, 287, 180, 389, 199, 303, 445, 249, 244, 361, 280, 201, 214, 469, 34, 92, 364, 259, 75, 210, 406, 428, 50, 245, 362, 441, 454, 323, 73, 20, 247, 276, 100, 451, 89, 242, 483, 128, 467, 491, 88, 264, 409, 122, 382, 2, 332, 463, 193, 290, 432, 211, 119, 56, 455, 353, 250, 453, 186, 11, 394, 4, 291, 195, 499, 468, 493, 279, 168, 255, 274, 118, 161, 272, 103, 185, 49, 395, 59, 239, 39, 458, 137]]
