adj
ta001.txt, time:1943.8163000000, odp:[1366.0, [0, 1, 2, 5, 3, 4, 6, 7, 8, 9, 11, 10, 12, 13, 14, 16, 15, 17, 19, 18]]
ta002.txt, time:1979.7664000000, odp:[1401.0, [2, 5, 8, 3, 6, 11, 0, 12, 7, 16, 4, 17, 15, 9, 10, 19, 1, 18, 13, 14]]
ta003.txt, time:1871.3954000000, odp:[1165.0, [15, 2, 4, 13, 19, 17, 8, 12, 3, 9, 11, 6, 0, 7, 1, 18, 14, 10, 5, 16]]
ta004.txt, time:1850.9403000000, odp:[1395.0, [12, 6, 15, 18, 1, 11, 8, 14, 5, 13, 10, 19, 9, 0, 7, 3, 17, 16, 4, 2]]
ta005.txt, time:1850.9286000000, odp:[1310.0, [3, 2, 12, 15, 9, 4, 5, 11, 16, 13, 1, 6, 17, 10, 7, 14, 18, 8, 0, 19]]
ta006.txt, time:2219.0239000000, odp:[1292.0, [13, 12, 4, 10, 16, 3, 11, 2, 14, 1, 6, 18, 19, 15, 7, 0, 17, 9, 5, 8]]
ta007.txt, time:2303.9126000000, odp:[1271.0, [9, 12, 10, 1, 4, 3, 5, 2, 13, 0, 19, 8, 14, 16, 7, 17, 6, 18, 15, 11]]
ta008.txt, time:1881.8953000000, odp:[1288.0, [11, 1, 8, 6, 7, 19, 3, 2, 15, 4, 16, 9, 5, 12, 17, 18, 14, 13, 10, 0]]
ta009.txt, time:1829.9419000000, odp:[1340.0, [9, 3, 0, 4, 7, 17, 2, 11, 1, 8, 10, 5, 12, 15, 19, 6, 14, 16, 13, 18]]
ta010.txt, time:1854.9263000000, odp:[1234.0, [0, 18, 10, 5, 11, 9, 6, 14, 7, 8, 12, 16, 1, 15, 4, 13, 3, 2, 17, 19]]
ta001.txt, time:1967.2773000000, odp:[1331.0, [5, 16, 14, 7, 15, 13, 2, 0, 4, 9, 11, 12, 3, 10, 1, 8, 6, 18, 17, 19]]
ta011.txt, time:3671.8661000000, odp:[1809.0, [1, 2, 4, 3, 0, 5, 8, 6, 10, 7, 14, 9, 13, 11, 12, 16, 15, 19, 18, 17]]
ta021.txt, time:6298.5863000000, odp:[2530.0, [2, 3, 1, 8, 14, 0, 9, 19, 6, 16, 18, 10, 5, 11, 17, 4, 12, 15, 13, 7]]
ta031.txt, time:9055.2064000000, odp:[2768.0, [2, 9, 23, 4, 7, 3, 1, 12, 5, 18, 10, 8, 0, 30, 36, 17, 21, 39, 6, 40, 25, 41, 27, 14, 26, 11, 33, 16, 35, 46, 49, 38, 22, 34, 32, 37, 31, 29, 19, 45, 24, 44, 13, 43, 28, 15, 20, 42, 48, 47]]
ta041.txt, time:16249.200500000, odp:[3439.0, [6, 3, 0, 8, 22, 1, 17, 2, 14, 13, 9, 10, 36, 32, 5, 12, 31, 4, 7, 20, 26, 30, 16, 25, 11, 23, 28, 24, 19, 15, 18, 45, 34, 37, 27, 38, 41, 42, 35, 21, 46, 39, 48, 33, 43, 49, 40, 29, 47, 44]]
ta051.txt, time:30534.641100000, odp:[4561.0, [14, 16, 31, 2, 11, 25, 7, 12, 19, 1, 15, 8, 28, 4, 26, 3, 6, 27, 21, 13, 35, 9, 38, 20, 0, 32, 5, 40, 22, 10, 37, 39, 44, 43, 18, 49, 17, 34, 42, 33, 36, 48, 41, 24, 47, 23, 45, 29, 30, 46]]
ta061.txt, time:25672.121500000, odp:[5822.0, [7, 3, 4, 10, 1, 6, 0, 19, 11, 12, 17, 2, 5, 8, 15, 27, 13, 9, 21, 36, 16, 20, 23, 25, 30, 14, 18, 31, 22, 24, 35, 32, 43, 26, 29, 40, 28, 66, 49, 34, 44, 33, 46, 57, 37, 38, 39, 42, 55, 41, 50, 53, 52, 62, 54, 45, 47, 70, 63, 48, 59, 58, 72, 61, 65, 60, 56, 83, 80, 64, 51, 71, 67, 77, 69, 73, 78, 75, 88, 68, 74, 85, 76, 81, 97, 86, 96, 95, 84, 79, 99, 98, 90, 87, 94, 93, 92, 82, 89, 91]]
ta071.txt, time:46862.602600000, odp:[6668.0, [9, 5, 2, 4, 14, 1, 12, 3, 21, 0, 6, 19, 10, 7, 20, 17, 27, 16, 11, 13, 37, 38, 18, 8, 45, 23, 28, 39, 26, 15, 22, 34, 31, 46, 36, 48, 40, 25, 33, 24, 29, 43, 32, 44, 52, 49, 50, 60, 42, 35, 41, 59, 72, 63, 61, 47, 30, 51, 55, 53, 54, 69, 74, 76, 97, 86, 64, 66, 57, 68, 99, 56, 71, 81, 79, 80, 87, 58, 73, 67, 65, 75, 88, 96, 83, 85, 92, 93, 82, 62, 78, 94, 95, 90, 70, 91, 98, 77, 84, 89]]
ta081.txt, time:91443.870900000, odp:[7389.0, [9, 5, 6, 21, 4, 8, 0, 16, 10, 22, 13, 2, 1, 26, 32, 34, 7, 23, 19, 27, 20, 33, 15, 53, 41, 39, 12, 17, 42, 14, 24, 3, 11, 36, 40, 28, 25, 44, 45, 35, 38, 30, 49, 31, 59, 18, 48, 29, 52, 51, 47, 37, 63, 50, 46, 67, 54, 62, 55, 66, 64, 79, 61, 57, 76, 75, 58, 60, 56, 78, 69, 68, 70, 74, 72, 73, 93, 91, 71, 43, 95, 96, 81, 77, 65, 83, 82, 80, 86, 85, 84, 89, 97, 92, 98, 99, 88, 90, 87, 94]]
ta091.txt, time:130529.13310000, odp:[11845.0, [31, 3, 21, 12, 13, 0, 9, 5, 4, 8, 1, 15, 18, 2, 6, 17, 26, 37, 25, 36, 10, 7, 14, 16, 20, 34, 32, 11, 19, 28, 27, 33, 29, 35, 40, 46, 22, 38, 51, 44, 23, 30, 49, 42, 78, 24, 50, 64, 43, 41, 59, 53, 45, 47, 58, 67, 52, 39, 54, 55, 66, 71, 62, 57, 90, 86, 68, 65, 61, 70, 56, 63, 80, 72, 48, 74, 73, 81, 96, 91, 79, 60, 88, 76, 69, 82, 77, 75, 97, 100, 83, 84, 103, 134, 87, 99, 101, 92, 93, 95, 106, 127, 98, 94, 85, 117, 116, 105, 112, 108, 102, 119, 89, 104, 110, 118, 109, 113, 120, 146, 115, 133, 114, 122, 138, 111, 131, 124, 121, 130, 126, 136, 139, 140, 135, 123, 107, 129, 137, 141, 145, 164, 144, 125, 128, 150, 132, 151, 148, 161, 147, 143, 160, 154, 167, 156, 157, 149, 168, 158, 153, 175, 178, 155, 152, 163, 159, 142, 198, 190, 162, 174, 166, 165, 171, 180, 185, 172, 191, 173, 176, 169, 182, 177, 170, 187, 192, 199, 179, 186, 193, 196, 184, 181, 183, 197, 188, 194, 189, 195]]
ta101.txt, time:262332.50830000, odp:[13218.0, [19, 6, 9, 5, 0, 17, 15, 10, 1, 8, 3, 7, 2, 13, 12, 27, 29, 14, 20, 28, 22, 18, 21, 11, 24, 34, 4, 16, 26, 37, 30, 38, 23, 41, 31, 49, 32, 44, 36, 40, 39, 46, 47, 33, 51, 35, 63, 50, 56, 48, 42, 66, 43, 25, 55, 53, 54, 65, 45, 61, 71, 76, 58, 73, 52, 62, 64, 60, 81, 70, 67, 59, 57, 78, 88, 87, 86, 74, 69, 93, 98, 84, 72, 92, 90, 79, 68, 96, 82, 80, 105, 91, 75, 116, 83, 108, 121, 95, 99, 89, 101, 132, 94, 118, 77, 102, 85, 103, 113, 115, 104, 100, 114, 97, 111, 110, 123, 112, 106, 127, 135, 141, 117, 107, 109, 136, 126, 128, 165, 119, 142, 122, 124, 120, 125, 139, 147, 138, 130, 153, 144, 131, 133, 145, 146, 140, 148, 137, 129, 154, 134, 158, 155, 163, 161, 160, 157, 149, 156, 164, 150, 167, 180, 159, 168, 143, 151, 170, 174, 152, 179, 175, 183, 166, 182, 171, 176, 185, 173, 162, 178, 169, 190, 193, 177, 191, 172, 192, 198, 199, 186, 194, 181, 195, 196, 189, 187, 184, 188, 197]]
ta111.txt, time:963355.64600000, odp:[29520.0, [6, 10, 3, 8, 5, 9, 2, 17, 14, 1, 7, 16, 26, 34, 12, 25, 4, 21, 15, 11, 0, 13, 36, 19, 23, 18, 22, 32, 28, 29, 42, 27, 30, 37, 45, 24, 20, 52, 35, 41, 31, 44, 48, 33, 40, 51, 53, 47, 49, 39, 61, 43, 58, 57, 50, 55, 63, 65, 69, 68, 56, 38, 46, 62, 64, 60, 54, 81, 59, 82, 75, 76, 84, 73, 66, 83, 89, 79, 88, 72, 78, 71, 74, 92, 85, 90, 70, 97, 77, 95, 102, 67, 91, 99, 80, 98, 86, 106, 104, 100, 103, 101, 93, 94, 87, 96, 105, 110, 113, 124, 108, 116, 111, 114, 107, 119, 109, 115, 112, 120, 118, 128, 131, 117, 122, 126, 127, 125, 123, 134, 129, 137, 139, 136, 133, 140, 121, 132, 143, 147, 141, 148, 130, 153, 149, 142, 155, 158, 135, 150, 154, 144, 145, 166, 138, 159, 146, 151, 172, 157, 152, 156, 162, 161, 178, 164, 182, 160, 169, 165, 177, 176, 163, 179, 173, 168, 180, 175, 174, 167, 184, 187, 199, 188, 171, 170, 185, 191, 192, 186, 194, 181, 196, 183, 193, 197, 205, 190, 200, 195, 203, 204, 208, 198, 189, 202, 224, 213, 207, 214, 215, 201, 209, 231, 216, 211, 220, 206, 212, 236, 210, 222, 227, 230, 235, 223, 218, 221, 234, 225, 244, 219, 228, 237, 238, 217, 226, 247, 229, 239, 240, 252, 245, 242, 253, 249, 259, 241, 233, 255, 251, 243, 266, 254, 232, 271, 257, 262, 246, 258, 260, 265, 248, 250, 272, 256, 264, 273, 263, 261, 278, 269, 280, 277, 282, 276, 274, 270, 268, 267, 279, 285, 289, 281, 275, 284, 287, 292, 290, 302, 286, 283, 296, 297, 309, 288, 299, 294, 295, 305, 301, 298, 293, 307, 311, 300, 304, 314, 291, 316, 312, 308, 303, 310, 317, 313, 319, 306, 326, 329, 323, 320, 315, 325, 322, 328, 318, 330, 333, 321, 327, 332, 331, 347, 341, 324, 338, 342, 337, 346, 354, 335, 340, 363, 345, 353, 351, 343, 361, 334, 344, 365, 350, 339, 367, 348, 336, 355, 356, 362, 352, 366, 357, 359, 349, 358, 373, 372, 374, 368, 364, 370, 360, 377, 371, 386, 387, 378, 375, 382, 384, 380, 390, 369, 379, 376, 392, 394, 388, 383, 389, 397, 381, 385, 391, 393, 395, 402, 399, 408, 401, 396, 398, 413, 419, 409, 403, 404, 405, 400, 407, 418, 424, 406, 417, 426, 411, 420, 416, 428, 410, 414, 429, 427, 423, 412, 422, 432, 421, 425, 443, 433, 440, 415, 446, 435, 455, 431, 439, 442, 430, 444, 437, 441, 456, 448, 438, 457, 445, 458, 434, 436, 447, 451, 459, 464, 454, 450, 452, 449, 468, 471, 463, 467, 462, 487, 483, 453, 460, 474, 469, 461, 470, 465, 472, 490, 466, 476, 473, 480, 494, 475, 481, 482, 484, 479, 477, 485, 489, 478, 495, 497, 498, 492, 488, 486, 499, 491, 493, 496]]
swap
ta001.txt, time:1631.2133000000, odp:[1339.0, [8, 12, 16, 6, 5, 10, 3, 14, 1, 0, 4, 18, 13, 15, 7, 2, 17, 19, 11, 9]]
ta002.txt, time:1622.6970000000, odp:[1373.0, [5, 14, 16, 6, 0, 18, 4, 10, 8, 12, 19, 9, 7, 2, 1, 15, 13, 17, 11, 3]]
ta003.txt, time:1622.4423000000, odp:[1151.0, [13, 15, 2, 10, 19, 18, 0, 17, 6, 12, 11, 3, 9, 4, 16, 7, 8, 5, 1, 14]]
ta004.txt, time:1631.6692000000, odp:[1403.0, [8, 16, 10, 18, 12, 15, 9, 3, 1, 5, 19, 13, 14, 11, 4, 6, 0, 2, 7, 17]]
ta005.txt, time:1628.2416000000, odp:[1299.0, [9, 18, 2, 8, 11, 0, 12, 19, 4, 16, 3, 1, 5, 6, 14, 15, 13, 10, 7, 17]]
ta006.txt, time:1641.2697000000, odp:[1260.0, [5, 10, 16, 15, 12, 14, 19, 1, 11, 17, 13, 4, 7, 9, 3, 6, 8, 0, 18, 2]]
ta007.txt, time:1647.7180000000, odp:[1263.0, [4, 0, 8, 10, 16, 9, 13, 3, 2, 19, 14, 1, 7, 5, 6, 18, 11, 15, 12, 17]]
ta008.txt, time:1651.1419000000, odp:[1282.0, [1, 13, 8, 9, 16, 11, 17, 18, 14, 12, 3, 2, 4, 6, 15, 5, 7, 19, 10, 0]]
ta009.txt, time:1609.1841000000, odp:[1287.0, [3, 17, 16, 19, 0, 9, 1, 5, 2, 6, 14, 7, 11, 15, 10, 13, 8, 4, 12, 18]]
ta010.txt, time:1626.7485000000, odp:[1185.0, [4, 6, 9, 10, 12, 7, 18, 5, 15, 2, 13, 14, 1, 17, 16, 8, 11, 0, 3, 19]]
ta001.txt, time:1610.0604000000, odp:[1297.0, [14, 13, 10, 12, 2, 8, 3, 4, 5, 15, 6, 16, 7, 17, 9, 11, 1, 18, 0, 19]]
ta011.txt, time:2944.8667000000, odp:[1671.0, [3, 4, 11, 14, 6, 12, 5, 18, 8, 17, 7, 1, 9, 16, 19, 13, 10, 2, 15, 0]]
ta021.txt, time:5601.5720000000, odp:[2433.0, [17, 13, 9, 12, 7, 0, 14, 8, 19, 4, 15, 5, 16, 6, 1, 10, 11, 18, 2, 3]]
ta031.txt, time:7772.9746000000, odp:[2771.0, [17, 35, 10, 31, 19, 44, 2, 48, 22, 13, 30, 40, 1, 20, 4, 24, 49, 3, 36, 11, 46, 9, 26, 39, 27, 23, 5, 37, 0, 14, 45, 28, 33, 38, 15, 12, 32, 21, 25, 18, 6, 42, 16, 29, 8, 41, 7, 34, 43, 47]]
ta041.txt, time:14853.857100000, odp:[3308.0, [17, 35, 24, 30, 18, 14, 15, 48, 45, 1, 16, 33, 27, 6, 21, 12, 37, 39, 11, 2, 9, 10, 8, 49, 25, 19, 40, 41, 3, 13, 5, 20, 29, 26, 46, 47, 28, 22, 34, 31, 42, 32, 7, 23, 36, 43, 0, 44, 4, 38]]
ta051.txt, time:27482.629000000, odp:[4261.0, [6, 34, 45, 30, 4, 0, 39, 23, 41, 42, 38, 36, 17, 26, 29, 35, 44, 1, 32, 31, 18, 46, 8, 19, 14, 13, 43, 27, 15, 33, 48, 37, 22, 5, 9, 16, 40, 28, 25, 47, 21, 12, 3, 7, 11, 20, 10, 24, 2, 49]]
ta061.txt, time:23156.419000000, odp:[5550.0, [49, 8, 98, 30, 45, 83, 41, 58, 12, 61, 39, 43, 59, 37, 78, 16, 3, 70, 20, 29, 57, 85, 60, 5, 95, 69, 38, 53, 73, 65, 6, 28, 14, 24, 71, 64, 25, 10, 17, 66, 7, 62, 81, 92, 15, 56, 94, 99, 52, 9, 77, 18, 2, 86, 80, 90, 93, 26, 11, 63, 89, 34, 82, 4, 96, 21, 46, 51, 54, 44, 72, 23, 68, 36, 19, 48, 84, 22, 47, 75, 27, 40, 13, 42, 33, 0, 88, 79, 31, 67, 32, 1, 91, 76, 74, 50, 97, 35, 55, 87]]
ta071.txt, time:42695.594600000, odp:[6149.0, [60, 61, 41, 66, 79, 34, 94, 50, 19, 0, 98, 46, 59, 23, 64, 37, 39, 57, 32, 87, 99, 33, 13, 65, 38, 3, 84, 14, 26, 12, 81, 92, 22, 78, 30, 54, 91, 93, 4, 5, 62, 58, 18, 69, 56, 97, 9, 48, 76, 68, 16, 75, 82, 52, 95, 28, 55, 27, 10, 70, 7, 36, 25, 43, 63, 8, 40, 31, 1, 29, 44, 17, 86, 24, 35, 53, 51, 67, 2, 80, 21, 6, 85, 72, 73, 74, 20, 15, 83, 89, 11, 49, 45, 42, 47, 96, 90, 71, 88, 77]]
ta081.txt, time:81688.122100000, odp:[6922.0, [32, 99, 47, 54, 81, 24, 46, 72, 83, 40, 90, 61, 91, 4, 33, 95, 18, 36, 39, 34, 21, 28, 2, 11, 0, 74, 78, 53, 31, 66, 76, 30, 50, 97, 19, 87, 9, 1, 79, 38, 16, 64, 14, 20, 45, 77, 60, 42, 57, 58, 89, 23, 63, 29, 56, 37, 13, 84, 15, 5, 22, 82, 62, 85, 49, 7, 8, 98, 17, 67, 10, 68, 52, 59, 80, 93, 44, 3, 25, 75, 92, 86, 43, 12, 41, 71, 69, 73, 65, 55, 51, 35, 70, 27, 94, 88, 6, 48, 96, 26]]
ta091.txt, time:125084.08740000, odp:[11164.0, [40, 74, 55, 154, 91, 65, 141, 194, 21, 3, 37, 159, 127, 99, 129, 20, 149, 140, 112, 106, 34, 15, 145, 119, 192, 115, 4, 52, 13, 152, 173, 134, 137, 16, 185, 61, 146, 183, 158, 176, 197, 24, 114, 153, 58, 10, 120, 14, 2, 60, 155, 139, 70, 22, 67, 32, 68, 148, 130, 48, 28, 7, 82, 62, 57, 196, 170, 150, 189, 199, 101, 11, 39, 109, 31, 35, 104, 5, 136, 124, 160, 165, 41, 18, 51, 171, 53, 195, 64, 167, 73, 72, 86, 190, 84, 128, 79, 151, 42, 63, 69, 188, 175, 166, 147, 117, 125, 88, 46, 36, 135, 45, 12, 19, 27, 172, 1, 133, 163, 85, 17, 116, 187, 102, 108, 66, 56, 193, 29, 118, 126, 77, 143, 59, 47, 30, 179, 122, 103, 43, 44, 83, 8, 181, 87, 105, 75, 180, 33, 132, 186, 182, 144, 191, 0, 113, 156, 49, 81, 100, 98, 110, 23, 138, 174, 9, 107, 142, 80, 92, 6, 178, 25, 111, 162, 95, 123, 177, 26, 184, 157, 94, 131, 198, 50, 54, 168, 89, 76, 90, 121, 78, 96, 164, 93, 97, 71, 38, 161, 169]]
ta101.txt, time:235789.51670000, odp:[12268.0, [164, 35, 13, 132, 104, 29, 19, 1, 96, 32, 125, 181, 71, 124, 103, 105, 110, 5, 180, 101, 140, 186, 53, 145, 41, 182, 40, 66, 162, 77, 118, 39, 87, 122, 65, 49, 69, 178, 21, 38, 8, 157, 56, 45, 102, 128, 70, 174, 123, 46, 14, 86, 165, 137, 199, 142, 149, 166, 92, 24, 51, 187, 175, 171, 191, 97, 146, 119, 147, 108, 194, 143, 60, 63, 75, 84, 55, 135, 169, 193, 177, 161, 16, 197, 163, 170, 159, 160, 156, 80, 2, 50, 121, 74, 0, 26, 150, 3, 33, 12, 17, 25, 18, 168, 27, 139, 196, 106, 134, 23, 62, 188, 155, 167, 184, 37, 31, 58, 30, 153, 112, 158, 42, 115, 179, 91, 36, 4, 7, 82, 176, 85, 72, 76, 185, 93, 120, 152, 151, 117, 43, 11, 141, 48, 54, 9, 131, 107, 172, 138, 127, 52, 57, 190, 109, 59, 95, 81, 126, 6, 183, 133, 130, 198, 10, 192, 113, 15, 22, 90, 89, 83, 154, 88, 111, 195, 148, 173, 68, 79, 136, 98, 34, 67, 100, 64, 28, 129, 116, 144, 44, 78, 99, 114, 47, 73, 189, 94, 61, 20]]
ta111.txt, time:988671.08860000, odp:[27967.0, [294, 475, 438, 445, 7, 75, 442, 107, 189, 163, 495, 89, 320, 219, 388, 228, 85, 354, 67, 80, 383, 323, 266, 203, 59, 6, 21, 298, 27, 479, 16, 411, 290, 145, 287, 306, 303, 409, 255, 321, 36, 146, 240, 164, 120, 41, 26, 112, 213, 64, 34, 490, 446, 364, 346, 100, 353, 277, 94, 245, 60, 363, 393, 129, 316, 128, 91, 410, 30, 78, 440, 391, 192, 139, 216, 376, 280, 73, 370, 45, 282, 415, 335, 247, 251, 54, 284, 386, 108, 77, 242, 224, 452, 485, 428, 149, 195, 49, 400, 185, 326, 32, 70, 432, 124, 182, 156, 477, 459, 329, 486, 226, 187, 437, 210, 417, 180, 46, 274, 385, 57, 472, 158, 366, 305, 441, 24, 430, 137, 13, 394, 66, 267, 355, 96, 37, 230, 451, 133, 135, 344, 197, 18, 127, 102, 29, 498, 28, 125, 449, 79, 160, 208, 382, 162, 99, 256, 420, 25, 82, 373, 481, 381, 177, 474, 473, 487, 20, 379, 243, 260, 343, 435, 62, 241, 392, 296, 443, 154, 1, 141, 460, 61, 148, 405, 90, 191, 357, 404, 168, 109, 83, 325, 4, 273, 221, 88, 144, 293, 179, 169, 431, 301, 136, 371, 466, 331, 304, 352, 470, 172, 53, 167, 95, 206, 263, 207, 319, 334, 138, 414, 342, 336, 408, 199, 403, 338, 40, 328, 427, 484, 333, 444, 44, 33, 397, 401, 418, 278, 398, 347, 467, 117, 223, 143, 421, 155, 0, 324, 482, 48, 337, 86, 359, 123, 212, 218, 286, 58, 250, 93, 209, 425, 259, 455, 194, 132, 196, 283, 315, 407, 63, 9, 214, 314, 252, 457, 147, 119, 174, 262, 395, 246, 419, 183, 198, 165, 309, 131, 122, 237, 469, 488, 330, 22, 272, 238, 423, 188, 126, 322, 42, 76, 308, 12, 68, 52, 47, 369, 159, 468, 374, 106, 161, 276, 380, 471, 313, 15, 480, 340, 254, 232, 35, 348, 211, 253, 110, 116, 426, 297, 439, 2, 215, 74, 360, 349, 105, 356, 231, 43, 3, 377, 173, 11, 300, 281, 362, 81, 375, 220, 358, 289, 171, 436, 497, 55, 84, 202, 422, 140, 416, 499, 275, 150, 134, 478, 493, 412, 190, 97, 236, 205, 17, 453, 225, 454, 101, 448, 39, 113, 345, 258, 157, 270, 10, 310, 307, 170, 186, 413, 193, 31, 447, 464, 489, 265, 387, 152, 261, 351, 269, 312, 327, 51, 465, 115, 130, 424, 463, 476, 339, 176, 19, 367, 222, 434, 72, 491, 450, 433, 302, 292, 142, 175, 458, 285, 166, 87, 235, 217, 71, 390, 291, 248, 372, 184, 151, 92, 201, 50, 494, 244, 295, 368, 384, 200, 204, 233, 317, 332, 378, 249, 389, 229, 181, 56, 111, 288, 103, 239, 38, 299, 341, 257, 65, 268, 23, 153, 456, 114, 14, 361, 8, 271, 104, 429, 462, 121, 234, 69, 461, 496, 264, 98, 311, 118, 396, 365, 483, 279, 178, 5, 406, 492, 399, 318, 350, 402, 227]]
