adj
ta001.txt, time:410.53170000000, odp:[1390.0, [3, 8, 17, 13, 0, 10, 11, 1, 2, 5, 7, 9, 15, 16, 18, 14, 4, 12, 6, 19]]
ta002.txt, time:386.55990000000, odp:[1458.0, [0, 1, 16, 9, 6, 3, 5, 11, 2, 17, 10, 13, 18, 7, 14, 4, 12, 8, 15, 19]]
ta003.txt, time:390.07310000000, odp:[1288.0, [0, 15, 6, 2, 4, 9, 8, 10, 5, 12, 3, 18, 13, 1, 19, 7, 17, 14, 11, 16]]
ta004.txt, time:382.09140000000, odp:[1465.0, [12, 15, 1, 4, 5, 13, 0, 3, 8, 10, 14, 2, 6, 11, 7, 19, 18, 9, 17, 16]]
ta005.txt, time:377.07470000000, odp:[1428.0, [0, 2, 1, 3, 4, 7, 8, 5, 6, 9, 14, 10, 11, 13, 12, 16, 17, 15, 19, 18]]
ta006.txt, time:419.03210000000, odp:[1394.0, [19, 10, 9, 11, 6, 8, 0, 18, 3, 13, 12, 2, 16, 1, 17, 7, 14, 15, 5, 4]]
ta007.txt, time:382.06790000000, odp:[1352.0, [4, 0, 12, 11, 5, 8, 3, 1, 13, 7, 16, 18, 17, 19, 15, 2, 14, 6, 10, 9]]
ta008.txt, time:381.11560000000, odp:[1383.0, [0, 1, 2, 7, 5, 6, 12, 9, 8, 11, 15, 16, 14, 4, 19, 17, 18, 13, 3, 10]]
ta009.txt, time:378.09030000000, odp:[1374.0, [1, 3, 7, 0, 4, 2, 5, 10, 8, 12, 15, 6, 9, 11, 14, 17, 19, 13, 16, 18]]
ta010.txt, time:378.62490000000, odp:[1275.0, [0, 9, 13, 5, 2, 10, 3, 1, 17, 12, 16, 15, 6, 7, 4, 19, 14, 18, 11, 8]]
ta001.txt, time:376.95800000000, odp:[1336.0, [2, 0, 1, 12, 14, 7, 15, 6, 3, 10, 4, 13, 18, 16, 11, 8, 9, 5, 17, 19]]
ta011.txt, time:692.35060000000, odp:[1794.0, [3, 6, 8, 11, 18, 2, 4, 0, 7, 17, 13, 12, 1, 9, 16, 5, 14, 10, 19, 15]]
ta021.txt, time:1307.1230000000, odp:[2552.0, [7, 0, 9, 10, 11, 3, 12, 1, 4, 5, 16, 6, 14, 19, 2, 18, 15, 13, 8, 17]]
ta031.txt, time:1813.8851000000, odp:[3052.0, [3, 2, 4, 1, 0, 8, 6, 5, 12, 7, 13, 9, 10, 11, 15, 17, 16, 18, 14, 22, 21, 19, 20, 25, 23, 24, 28, 26, 29, 27, 31, 30, 32, 34, 33, 39, 36, 37, 41, 35, 38, 40, 44, 42, 43, 45, 46, 48, 47, 49]]
ta041.txt, time:3348.7500000000, odp:[3516.0, [1, 8, 6, 4, 3, 5, 10, 9, 14, 13, 12, 2, 18, 24, 0, 7, 17, 21, 20, 15, 11, 22, 26, 16, 25, 29, 19, 41, 35, 23, 37, 33, 30, 32, 28, 36, 38, 42, 31, 39, 45, 27, 44, 34, 46, 40, 49, 47, 43, 48]]
ta051.txt, time:6398.5616000000, odp:[4654.0, [7, 1, 6, 0, 3, 10, 2, 8, 5, 9, 20, 17, 12, 14, 11, 15, 18, 4, 21, 13, 36, 19, 24, 28, 27, 32, 40, 30, 25, 23, 16, 35, 33, 22, 42, 41, 29, 44, 34, 26, 38, 31, 37, 45, 39, 48, 46, 47, 49, 43]]
ta061.txt, time:5373.3767000000, odp:[5871.0, [0, 3, 2, 1, 5, 4, 6, 8, 7, 10, 9, 11, 12, 13, 14, 15, 16, 17, 19, 18, 20, 23, 21, 24, 25, 22, 27, 26, 28, 29, 31, 30, 32, 33, 34, 38, 36, 37, 35, 39, 41, 40, 44, 42, 45, 43, 48, 47, 46, 49, 50, 51, 53, 52, 55, 54, 56, 57, 58, 60, 59, 63, 61, 62, 64, 65, 68, 67, 70, 66, 71, 69, 72, 73, 75, 76, 74, 79, 78, 77, 81, 80, 84, 83, 82, 85, 87, 88, 86, 89, 90, 91, 92, 93, 94, 95, 96, 97, 98, 99]]
ta071.txt, time:9953.5557000000, odp:[6712.0, [13, 4, 8, 7, 1, 2, 3, 5, 9, 19, 14, 11, 12, 32, 15, 0, 21, 6, 18, 23, 25, 26, 24, 10, 20, 17, 16, 30, 34, 22, 28, 33, 46, 27, 29, 31, 36, 42, 38, 41, 45, 48, 35, 37, 43, 39, 50, 47, 40, 52, 44, 55, 58, 51, 49, 69, 68, 54, 62, 57, 53, 65, 59, 61, 60, 77, 67, 70, 63, 75, 56, 64, 81, 74, 84, 72, 79, 82, 80, 66, 73, 71, 92, 76, 91, 85, 86, 78, 87, 94, 93, 89, 83, 95, 88, 98, 96, 97, 90, 99]]
ta081.txt, time:19353.135700000, odp:[7510.0, [9, 1, 3, 11, 2, 7, 6, 5, 0, 13, 14, 4, 20, 19, 12, 17, 15, 8, 21, 10, 24, 32, 22, 16, 23, 18, 25, 27, 26, 28, 30, 39, 29, 37, 41, 36, 35, 34, 44, 33, 38, 49, 31, 42, 48, 52, 43, 57, 46, 45, 40, 47, 56, 63, 50, 61, 55, 53, 65, 58, 67, 51, 54, 62, 60, 59, 74, 66, 68, 82, 64, 70, 73, 69, 72, 78, 71, 80, 83, 84, 76, 90, 85, 88, 75, 77, 98, 97, 94, 79, 86, 81, 92, 91, 89, 87, 96, 95, 93, 99]]
ta091.txt, time:29029.201700000, odp:[11954.0, [7, 2, 0, 3, 5, 6, 12, 10, 8, 11, 1, 17, 4, 13, 14, 22, 20, 9, 18, 16, 23, 19, 21, 26, 29, 30, 32, 24, 15, 28, 25, 27, 31, 35, 34, 36, 41, 37, 33, 38, 42, 45, 39, 44, 51, 46, 53, 43, 40, 47, 49, 48, 55, 50, 56, 54, 59, 52, 58, 64, 60, 63, 57, 70, 61, 66, 69, 73, 67, 71, 62, 68, 72, 78, 65, 75, 82, 74, 76, 80, 85, 91, 89, 84, 77, 79, 81, 88, 87, 94, 86, 83, 95, 96, 92, 100, 90, 105, 109, 93, 97, 98, 107, 112, 101, 104, 99, 108, 103, 102, 122, 106, 114, 110, 115, 120, 113, 116, 121, 123, 111, 119, 128, 125, 118, 129, 124, 117, 127, 131, 130, 133, 132, 137, 135, 142, 134, 126, 136, 139, 144, 149, 150, 138, 141, 148, 151, 143, 140, 147, 155, 145, 159, 153, 146, 154, 152, 157, 158, 164, 156, 160, 161, 162, 163, 169, 166, 170, 172, 168, 174, 165, 173, 177, 167, 175, 171, 178, 185, 176, 186, 180, 181, 190, 192, 179, 183, 198, 189, 197, 193, 182, 188, 184, 187, 194, 196, 199, 195, 191]]
ta101.txt, time:55376.578600000, odp:[13316.0, [1, 5, 7, 6, 2, 4, 3, 13, 0, 17, 14, 10, 9, 8, 16, 12, 11, 15, 22, 24, 27, 23, 25, 18, 21, 30, 19, 20, 28, 31, 35, 29, 34, 33, 26, 32, 37, 40, 39, 38, 42, 41, 45, 51, 36, 44, 49, 46, 47, 50, 52, 43, 54, 53, 48, 58, 55, 57, 61, 60, 66, 59, 64, 65, 56, 62, 71, 63, 69, 68, 67, 73, 75, 70, 76, 80, 84, 74, 72, 77, 86, 78, 88, 79, 82, 81, 83, 93, 85, 91, 89, 95, 90, 87, 94, 96, 101, 92, 104, 98, 102, 106, 99, 97, 100, 113, 108, 103, 109, 107, 105, 112, 126, 110, 111, 118, 114, 120, 119, 122, 115, 116, 123, 129, 124, 130, 127, 133, 131, 117, 132, 121, 125, 134, 136, 135, 144, 139, 128, 140, 138, 149, 142, 137, 145, 141, 147, 151, 143, 156, 157, 150, 153, 158, 152, 146, 154, 165, 161, 160, 159, 163, 166, 155, 176, 167, 180, 162, 164, 148, 169, 171, 168, 174, 170, 177, 181, 184, 172, 173, 178, 175, 179, 183, 188, 191, 192, 185, 182, 190, 189, 187, 196, 195, 197, 186, 193, 198, 199, 194]]
ta111.txt, time:226131.11370000, odp:[29865.0, [0, 1, 3, 5, 2, 4, 8, 12, 6, 9, 17, 10, 15, 7, 14, 11, 13, 19, 25, 16, 21, 18, 23, 22, 24, 20, 28, 31, 27, 30, 26, 29, 36, 32, 33, 34, 37, 41, 35, 39, 38, 44, 40, 43, 42, 45, 47, 48, 55, 46, 49, 51, 53, 50, 54, 58, 56, 52, 59, 57, 60, 62, 72, 64, 68, 61, 67, 63, 69, 65, 71, 75, 66, 78, 74, 73, 70, 80, 76, 79, 82, 84, 90, 77, 81, 83, 87, 93, 85, 92, 86, 99, 91, 88, 94, 98, 89, 101, 95, 105, 97, 106, 96, 102, 104, 107, 108, 100, 113, 103, 111, 109, 115, 110, 112, 114, 118, 123, 117, 116, 126, 124, 119, 120, 127, 122, 121, 128, 125, 130, 129, 131, 132, 134, 136, 137, 139, 133, 143, 138, 142, 135, 144, 141, 140, 149, 145, 150, 153, 146, 154, 152, 147, 159, 148, 157, 151, 163, 155, 160, 158, 156, 162, 161, 172, 169, 164, 168, 167, 174, 166, 165, 176, 171, 170, 173, 175, 177, 180, 178, 183, 181, 185, 182, 184, 186, 188, 187, 179, 190, 189, 191, 195, 197, 192, 194, 193, 196, 201, 200, 198, 205, 203, 204, 208, 199, 206, 209, 202, 211, 207, 212, 214, 218, 215, 210, 216, 217, 223, 213, 225, 221, 219, 220, 226, 224, 228, 230, 222, 236, 229, 233, 234, 231, 232, 227, 237, 240, 235, 245, 241, 239, 238, 247, 242, 246, 248, 249, 244, 243, 250, 258, 251, 253, 255, 254, 256, 263, 252, 260, 259, 267, 262, 257, 261, 265, 264, 271, 270, 266, 275, 268, 269, 281, 276, 273, 284, 274, 272, 277, 279, 278, 287, 293, 286, 297, 282, 280, 285, 283, 289, 290, 288, 294, 292, 298, 295, 302, 291, 296, 300, 299, 307, 303, 305, 308, 306, 301, 309, 312, 304, 311, 317, 313, 310, 320, 321, 315, 318, 316, 322, 314, 323, 325, 327, 326, 319, 324, 330, 335, 328, 331, 329, 332, 334, 333, 337, 341, 338, 339, 336, 343, 346, 342, 347, 345, 348, 354, 340, 344, 349, 350, 355, 352, 358, 351, 361, 357, 365, 353, 359, 356, 362, 360, 366, 371, 367, 368, 363, 376, 364, 369, 370, 374, 373, 372, 377, 378, 385, 379, 382, 380, 375, 383, 386, 384, 381, 389, 388, 387, 391, 390, 393, 392, 395, 394, 396, 397, 400, 398, 401, 404, 403, 399, 408, 406, 402, 411, 405, 414, 407, 413, 415, 418, 409, 410, 419, 412, 421, 417, 420, 416, 423, 422, 428, 427, 424, 426, 425, 432, 430, 434, 438, 433, 429, 435, 442, 439, 431, 437, 440, 436, 443, 444, 441, 445, 449, 447, 451, 446, 450, 452, 454, 460, 448, 453, 457, 459, 456, 455, 461, 464, 463, 469, 458, 466, 468, 462, 465, 470, 474, 479, 467, 471, 472, 473, 476, 477, 480, 483, 481, 485, 478, 482, 484, 475, 492, 487, 488, 490, 486, 493, 494, 496, 489, 498, 491, 499, 497, 495]]
swap
ta001.txt, time:381.58650000000, odp:[1352.0, [16, 7, 2, 8, 10, 14, 5, 17, 11, 13, 6, 3, 1, 4, 19, 18, 0, 15, 12, 9]]
ta002.txt, time:376.46710000000, odp:[1382.0, [18, 5, 19, 6, 11, 15, 14, 8, 17, 13, 9, 0, 4, 16, 1, 12, 3, 7, 2, 10]]
ta003.txt, time:382.08880000000, odp:[1217.0, [15, 13, 19, 9, 11, 5, 0, 14, 7, 17, 2, 16, 18, 3, 6, 4, 1, 8, 12, 10]]
ta004.txt, time:386.14350000000, odp:[1426.0, [8, 16, 10, 1, 14, 12, 19, 5, 0, 15, 4, 18, 9, 3, 6, 7, 17, 2, 11, 13]]
ta005.txt, time:383.58230000000, odp:[1346.0, [4, 14, 13, 11, 2, 18, 3, 12, 8, 17, 10, 1, 0, 9, 6, 15, 5, 7, 16, 19]]
ta006.txt, time:384.57920000000, odp:[1311.0, [12, 15, 11, 8, 5, 0, 16, 7, 17, 14, 13, 18, 1, 3, 19, 6, 10, 9, 4, 2]]
ta007.txt, time:385.08060000000, odp:[1287.0, [4, 14, 19, 3, 2, 10, 7, 9, 8, 16, 5, 15, 0, 1, 12, 11, 18, 13, 6, 17]]
ta008.txt, time:409.53590000000, odp:[1323.0, [8, 15, 11, 16, 19, 7, 6, 1, 13, 5, 17, 3, 12, 4, 2, 18, 9, 0, 14, 10]]
ta009.txt, time:377.58100000000, odp:[1313.0, [1, 3, 5, 17, 19, 9, 7, 11, 6, 2, 18, 0, 10, 14, 16, 8, 4, 12, 15, 13]]
ta010.txt, time:377.75960000000, odp:[1243.0, [6, 0, 10, 3, 5, 11, 15, 18, 9, 1, 2, 14, 8, 16, 7, 13, 4, 19, 12, 17]]
ta001.txt, time:386.94200000000, odp:[1349.0, [7, 8, 14, 10, 13, 1, 12, 5, 9, 18, 6, 16, 3, 15, 17, 4, 2, 19, 11, 0]]
ta011.txt, time:694.93980000000, odp:[1738.0, [4, 17, 1, 16, 12, 9, 2, 14, 11, 10, 8, 3, 13, 0, 7, 18, 19, 6, 5, 15]]
ta021.txt, time:1342.1816000000, odp:[2484.0, [7, 17, 15, 13, 6, 18, 9, 12, 8, 10, 4, 19, 11, 5, 16, 14, 1, 0, 2, 3]]
ta031.txt, time:1892.9671000000, odp:[2851.0, [3, 33, 38, 19, 28, 17, 10, 8, 34, 2, 5, 12, 49, 1, 31, 29, 46, 25, 47, 7, 40, 30, 14, 13, 11, 41, 36, 37, 39, 26, 9, 18, 21, 45, 24, 43, 22, 42, 16, 27, 4, 23, 35, 32, 6, 44, 15, 0, 48, 20]]
ta041.txt, time:3403.0547000000, odp:[3357.0, [35, 24, 17, 25, 36, 42, 6, 5, 34, 14, 9, 2, 37, 4, 21, 22, 41, 47, 3, 23, 10, 48, 1, 7, 43, 31, 27, 19, 29, 45, 18, 16, 11, 12, 32, 13, 46, 39, 28, 8, 15, 33, 30, 0, 38, 20, 44, 40, 26, 49]]
ta051.txt, time:6706.0900000000, odp:[4313.0, [34, 23, 30, 43, 31, 0, 20, 10, 46, 16, 1, 48, 41, 44, 9, 6, 47, 32, 13, 4, 45, 7, 39, 29, 14, 26, 8, 42, 5, 25, 15, 49, 21, 35, 37, 17, 38, 28, 27, 12, 33, 36, 11, 18, 2, 19, 3, 22, 24, 40]]
ta061.txt, time:5575.4441000000, odp:[5633.0, [71, 10, 20, 41, 16, 89, 36, 38, 75, 39, 79, 23, 48, 95, 85, 2, 1, 60, 98, 76, 77, 49, 73, 78, 94, 84, 12, 72, 5, 26, 93, 6, 97, 64, 99, 21, 19, 44, 37, 4, 61, 55, 25, 22, 96, 29, 8, 28, 63, 34, 69, 33, 66, 3, 57, 56, 46, 87, 83, 30, 7, 62, 17, 65, 51, 54, 27, 43, 88, 14, 9, 82, 15, 32, 42, 47, 31, 74, 24, 53, 70, 81, 18, 35, 67, 40, 80, 68, 59, 90, 0, 13, 58, 45, 52, 92, 86, 11, 91, 50]]
ta071.txt, time:10513.675600000, odp:[6271.0, [42, 4, 90, 84, 20, 8, 24, 36, 69, 66, 46, 35, 76, 93, 82, 71, 94, 60, 1, 58, 62, 57, 27, 31, 44, 55, 33, 48, 80, 50, 63, 68, 75, 88, 65, 95, 79, 0, 61, 74, 97, 98, 23, 81, 91, 7, 32, 77, 96, 99, 21, 26, 83, 29, 15, 13, 18, 9, 30, 73, 5, 70, 51, 85, 22, 6, 87, 54, 40, 16, 78, 19, 3, 34, 49, 86, 10, 17, 47, 41, 38, 72, 52, 37, 45, 53, 89, 11, 25, 14, 56, 59, 43, 2, 67, 92, 64, 39, 12, 28]]
ta081.txt, time:19528.913000000, odp:[7079.0, [54, 99, 80, 50, 82, 9, 30, 45, 11, 13, 92, 23, 32, 37, 69, 84, 29, 81, 40, 47, 1, 60, 85, 21, 78, 44, 71, 10, 79, 94, 17, 46, 75, 74, 2, 25, 41, 27, 88, 64, 61, 39, 33, 4, 89, 59, 98, 87, 68, 76, 24, 73, 57, 49, 26, 8, 16, 56, 36, 5, 0, 48, 91, 51, 20, 28, 43, 31, 7, 97, 22, 63, 18, 58, 86, 34, 14, 66, 52, 77, 62, 70, 96, 42, 65, 90, 38, 95, 3, 12, 93, 67, 15, 72, 83, 6, 55, 53, 19, 35]]
ta091.txt, time:29293.508900000, odp:[11390.0, [181, 133, 38, 192, 190, 185, 64, 51, 136, 171, 178, 21, 24, 16, 35, 153, 93, 152, 86, 165, 124, 48, 7, 139, 42, 114, 10, 6, 197, 120, 147, 30, 182, 186, 56, 179, 32, 2, 76, 78, 131, 19, 75, 176, 95, 5, 87, 29, 105, 127, 119, 70, 161, 198, 27, 33, 96, 67, 23, 84, 98, 65, 183, 170, 118, 55, 52, 49, 150, 174, 69, 187, 141, 0, 172, 130, 111, 180, 41, 184, 11, 125, 66, 88, 115, 59, 169, 129, 72, 85, 149, 162, 106, 12, 83, 37, 18, 146, 89, 68, 44, 102, 110, 54, 117, 193, 4, 159, 177, 74, 142, 160, 173, 34, 80, 164, 47, 145, 25, 126, 39, 104, 14, 58, 134, 101, 122, 17, 15, 43, 94, 103, 107, 196, 28, 100, 156, 79, 9, 191, 109, 155, 121, 62, 163, 77, 166, 90, 1, 158, 81, 194, 188, 8, 61, 151, 168, 144, 128, 63, 140, 108, 195, 167, 71, 113, 175, 157, 92, 189, 148, 20, 46, 137, 73, 82, 22, 99, 36, 50, 132, 57, 143, 91, 116, 60, 112, 138, 26, 97, 45, 31, 40, 53, 13, 154, 199, 123, 135, 3]]
ta101.txt, time:55062.854900000, odp:[12548.0, [143, 8, 78, 155, 121, 0, 131, 52, 35, 159, 154, 125, 89, 70, 12, 177, 151, 169, 127, 100, 108, 65, 4, 19, 145, 40, 167, 132, 156, 5, 101, 93, 141, 164, 79, 27, 196, 74, 120, 106, 23, 181, 73, 163, 57, 56, 193, 113, 6, 53, 119, 197, 123, 191, 185, 34, 194, 126, 67, 77, 44, 162, 25, 96, 199, 92, 90, 189, 139, 135, 107, 30, 103, 24, 186, 129, 75, 71, 95, 174, 109, 38, 20, 85, 110, 111, 18, 104, 72, 122, 149, 146, 147, 68, 190, 94, 180, 166, 153, 138, 192, 84, 21, 26, 150, 17, 116, 187, 1, 148, 140, 14, 183, 176, 161, 50, 137, 170, 105, 158, 11, 165, 124, 16, 48, 115, 63, 195, 130, 182, 41, 168, 28, 45, 32, 10, 13, 157, 39, 46, 83, 82, 64, 31, 9, 22, 97, 15, 179, 118, 51, 55, 144, 29, 7, 62, 172, 178, 160, 42, 152, 175, 188, 128, 99, 60, 80, 66, 136, 54, 47, 59, 198, 2, 142, 87, 58, 37, 76, 49, 171, 3, 134, 88, 36, 33, 133, 184, 61, 81, 114, 43, 112, 86, 173, 69, 117, 98, 102, 91]]
ta111.txt, time:227879.19090000, odp:[28249.0, [14, 252, 430, 104, 72, 146, 53, 111, 253, 73, 61, 297, 46, 320, 116, 395, 62, 68, 464, 121, 364, 108, 427, 153, 156, 311, 59, 31, 82, 1, 273, 338, 302, 490, 318, 478, 183, 448, 287, 242, 25, 206, 410, 128, 144, 75, 2, 102, 230, 213, 471, 189, 97, 381, 279, 459, 274, 113, 258, 277, 45, 114, 272, 180, 109, 247, 337, 251, 13, 184, 306, 315, 29, 499, 47, 292, 191, 208, 313, 391, 4, 419, 55, 428, 185, 309, 476, 147, 267, 314, 204, 168, 384, 93, 92, 117, 43, 282, 215, 359, 16, 498, 209, 124, 67, 401, 435, 122, 71, 489, 100, 232, 188, 164, 192, 372, 11, 115, 415, 17, 420, 38, 148, 281, 283, 254, 83, 28, 220, 479, 456, 289, 99, 78, 357, 368, 52, 276, 127, 434, 463, 332, 259, 344, 328, 491, 417, 22, 95, 402, 50, 399, 481, 331, 376, 169, 255, 301, 186, 126, 451, 248, 269, 482, 244, 214, 346, 370, 405, 407, 48, 413, 450, 296, 264, 304, 250, 129, 91, 84, 483, 175, 433, 7, 64, 85, 429, 132, 27, 155, 310, 166, 432, 412, 171, 378, 211, 319, 383, 425, 322, 200, 474, 385, 233, 176, 449, 15, 348, 345, 217, 324, 134, 245, 32, 207, 199, 138, 20, 470, 495, 173, 436, 236, 3, 497, 170, 151, 362, 152, 444, 397, 26, 493, 325, 352, 229, 437, 275, 36, 167, 150, 446, 442, 461, 165, 340, 367, 472, 467, 249, 312, 201, 390, 290, 90, 57, 369, 492, 226, 404, 453, 303, 339, 400, 387, 347, 96, 379, 300, 227, 299, 484, 371, 477, 462, 235, 44, 361, 393, 160, 422, 418, 294, 284, 431, 141, 86, 40, 89, 219, 291, 237, 373, 225, 447, 65, 35, 98, 329, 88, 270, 241, 110, 123, 452, 30, 295, 182, 349, 33, 159, 353, 77, 143, 386, 6, 343, 81, 268, 375, 445, 333, 12, 438, 266, 330, 178, 221, 327, 426, 51, 216, 488, 112, 42, 457, 298, 224, 76, 246, 342, 466, 41, 181, 210, 243, 54, 9, 334, 365, 396, 106, 496, 223, 468, 193, 23, 58, 163, 494, 307, 131, 135, 288, 5, 60, 187, 455, 260, 119, 172, 69, 118, 366, 341, 149, 423, 196, 263, 87, 56, 194, 406, 394, 335, 271, 336, 441, 414, 285, 486, 130, 21, 424, 107, 197, 177, 257, 161, 262, 212, 228, 377, 222, 443, 198, 139, 388, 240, 140, 19, 308, 37, 120, 80, 286, 205, 8, 94, 421, 360, 354, 63, 133, 323, 203, 403, 0, 174, 305, 18, 157, 469, 374, 278, 24, 10, 350, 190, 355, 231, 487, 39, 460, 351, 234, 363, 239, 136, 408, 280, 392, 416, 480, 154, 409, 389, 79, 316, 218, 439, 49, 66, 137, 179, 238, 158, 458, 162, 321, 485, 465, 125, 454, 317, 142, 398, 380, 326, 70, 103, 74, 293, 202, 256, 101, 145, 261, 473, 475, 356, 105, 358, 34, 195, 382, 440, 411, 265]]
