adj
ta001.txt, time:9304.8184000000, odp:[1321.0, [16, 5, 4, 7, 8, 18, 0, 3, 10, 12, 1, 17, 2, 6, 11, 15, 14, 9, 13, 19]]
ta002.txt, time:9384.1552000000, odp:[1373.0, [5, 19, 16, 14, 6, 10, 18, 2, 17, 9, 0, 8, 1, 4, 7, 15, 3, 12, 11, 13]]
ta003.txt, time:9346.6378000000, odp:[1147.0, [2, 3, 15, 19, 8, 17, 13, 14, 6, 0, 18, 12, 11, 9, 4, 7, 10, 1, 16, 5]]
ta004.txt, time:9355.0411000000, odp:[1387.0, [15, 12, 10, 1, 0, 8, 5, 14, 18, 9, 7, 13, 17, 11, 19, 6, 4, 3, 16, 2]]
ta005.txt, time:9735.8496000000, odp:[1299.0, [2, 9, 8, 3, 12, 16, 17, 5, 4, 19, 11, 18, 14, 15, 1, 10, 7, 13, 6, 0]]
ta006.txt, time:9340.7782000000, odp:[1261.0, [12, 13, 4, 16, 17, 3, 10, 11, 5, 6, 19, 18, 7, 1, 14, 0, 9, 15, 8, 2]]
ta007.txt, time:9288.5249000000, odp:[1260.0, [4, 15, 19, 14, 1, 0, 8, 11, 6, 17, 3, 10, 5, 2, 16, 18, 7, 12, 13, 9]]
ta008.txt, time:9267.0762000000, odp:[1271.0, [1, 16, 15, 13, 18, 8, 14, 19, 7, 6, 11, 0, 5, 4, 2, 12, 3, 9, 17, 10]]
ta009.txt, time:9252.1988000000, odp:[1289.0, [3, 1, 0, 17, 16, 15, 6, 14, 2, 9, 12, 7, 11, 5, 10, 4, 19, 13, 8, 18]]
ta010.txt, time:9252.5722000000, odp:[1167.0, [10, 5, 0, 16, 6, 15, 1, 17, 4, 13, 12, 7, 9, 11, 2, 18, 3, 14, 19, 8]]
ta001.txt, time:9292.0767000000, odp:[1297.0, [2, 18, 14, 7, 16, 12, 8, 10, 5, 15, 13, 4, 0, 6, 17, 11, 3, 1, 9, 19]]
ta011.txt, time:16995.224200000, odp:[1688.0, [4, 3, 14, 2, 5, 11, 15, 16, 8, 17, 13, 7, 19, 18, 10, 1, 12, 9, 0, 6]]
ta021.txt, time:32220.069700000, odp:[2424.0, [7, 17, 14, 9, 0, 15, 5, 6, 12, 8, 3, 1, 10, 19, 4, 13, 11, 2, 16, 18]]
ta031.txt, time:57966.149900000, odp:[2784.0, [10, 31, 17, 0, 19, 5, 27, 34, 16, 39, 30, 9, 4, 40, 20, 48, 24, 23, 15, 42, 12, 18, 33, 47, 29, 21, 1, 25, 6, 46, 37, 3, 49, 44, 28, 13, 2, 11, 43, 26, 14, 35, 36, 45, 38, 8, 41, 7, 22, 32]]
ta041.txt, time:106820.54610000, odp:[3323.0, [17, 33, 32, 24, 3, 26, 36, 38, 2, 37, 6, 11, 1, 14, 28, 35, 34, 0, 7, 30, 10, 47, 18, 45, 42, 49, 41, 46, 40, 44, 27, 23, 12, 4, 48, 19, 5, 20, 21, 9, 16, 13, 29, 31, 25, 8, 39, 15, 43, 22]]
ta051.txt, time:213942.77330000, odp:[4336.0, [38, 46, 47, 5, 20, 45, 33, 11, 8, 0, 42, 30, 40, 10, 19, 32, 27, 31, 44, 17, 23, 13, 43, 36, 26, 18, 7, 4, 1, 39, 22, 48, 3, 2, 29, 37, 28, 6, 9, 24, 12, 21, 25, 41, 15, 35, 14, 16, 49, 34]]
ta061.txt, time:242318.19010000, odp:[5626.0, [12, 75, 58, 5, 24, 3, 18, 26, 8, 21, 4, 44, 25, 29, 10, 9, 0, 27, 47, 91, 34, 17, 51, 41, 30, 13, 16, 37, 2, 20, 22, 23, 35, 32, 19, 61, 39, 94, 53, 85, 66, 57, 11, 92, 6, 97, 77, 28, 59, 33, 52, 38, 1, 43, 7, 49, 31, 89, 65, 55, 67, 81, 63, 45, 80, 68, 64, 82, 40, 42, 36, 83, 48, 50, 87, 15, 70, 98, 78, 95, 54, 96, 93, 71, 14, 56, 76, 86, 62, 60, 84, 72, 79, 99, 74, 73, 69, 90, 88, 46]]
ta071.txt, time:432620.46000000, odp:[6300.0, [16, 11, 49, 4, 21, 29, 79, 67, 63, 13, 33, 34, 10, 25, 15, 61, 9, 3, 7, 22, 57, 2, 46, 48, 83, 43, 20, 14, 97, 32, 69, 0, 1, 82, 5, 12, 17, 23, 45, 92, 78, 38, 18, 39, 41, 71, 28, 95, 24, 30, 62, 26, 19, 6, 80, 70, 8, 85, 37, 94, 42, 44, 40, 93, 53, 50, 59, 81, 96, 86, 87, 68, 51, 47, 98, 35, 76, 52, 73, 54, 31, 36, 58, 89, 88, 77, 75, 72, 64, 91, 99, 65, 60, 74, 66, 27, 55, 56, 84, 90]]
ta081.txt, time:842143.78680000, odp:[7056.0, [23, 3, 22, 47, 88, 11, 71, 24, 36, 2, 77, 41, 13, 25, 14, 45, 30, 4, 16, 15, 43, 20, 32, 58, 63, 17, 9, 59, 29, 60, 31, 7, 78, 19, 21, 81, 33, 34, 5, 0, 66, 28, 38, 52, 84, 67, 96, 74, 92, 10, 75, 76, 39, 94, 64, 72, 79, 50, 26, 1, 53, 12, 48, 27, 68, 46, 51, 54, 73, 95, 83, 8, 69, 56, 40, 97, 70, 57, 82, 44, 61, 37, 18, 87, 98, 99, 80, 42, 49, 86, 35, 89, 93, 91, 6, 85, 55, 90, 62, 65]]
ta091.txt, time:1817440.1684000, odp:[11638.0, [12, 43, 60, 92, 0, 16, 19, 51, 3, 8, 50, 58, 62, 55, 9, 33, 74, 15, 109, 7, 2, 48, 5, 52, 26, 100, 49, 68, 121, 17, 72, 70, 30, 56, 13, 76, 95, 18, 107, 53, 57, 31, 44, 40, 65, 46, 47, 10, 4, 29, 39, 23, 38, 6, 63, 28, 37, 45, 165, 64, 32, 21, 81, 11, 97, 77, 83, 85, 153, 20, 35, 61, 25, 91, 93, 1, 116, 27, 122, 106, 69, 105, 14, 88, 73, 82, 41, 22, 128, 134, 36, 101, 135, 145, 173, 54, 90, 183, 120, 111, 98, 86, 66, 42, 89, 71, 168, 124, 67, 78, 156, 87, 84, 34, 59, 75, 159, 152, 24, 130, 110, 139, 80, 147, 104, 119, 137, 146, 114, 112, 113, 143, 102, 127, 103, 133, 123, 191, 151, 195, 149, 96, 184, 79, 141, 108, 187, 142, 148, 132, 188, 129, 154, 140, 144, 171, 164, 138, 160, 189, 118, 117, 177, 115, 169, 181, 180, 162, 125, 186, 94, 167, 99, 131, 197, 136, 182, 185, 161, 193, 179, 170, 172, 194, 155, 196, 157, 199, 176, 192, 150, 158, 190, 174, 166, 175, 163, 126, 178, 198]]
ta101.txt, time:3782752.4179000, odp:[12721.0, [65, 32, 9, 90, 20, 54, 29, 5, 13, 18, 11, 45, 21, 24, 47, 2, 39, 46, 6, 1, 56, 4, 14, 51, 35, 42, 19, 124, 26, 71, 0, 60, 95, 77, 12, 98, 57, 89, 36, 10, 17, 43, 8, 78, 41, 34, 49, 30, 59, 81, 33, 80, 93, 3, 37, 50, 44, 68, 7, 72, 100, 108, 23, 16, 61, 91, 73, 114, 83, 158, 53, 64, 106, 136, 156, 139, 109, 97, 48, 52, 146, 76, 28, 63, 62, 104, 127, 55, 79, 94, 25, 22, 27, 101, 85, 70, 116, 38, 66, 96, 128, 74, 135, 126, 92, 160, 133, 99, 166, 40, 84, 149, 151, 31, 125, 195, 67, 123, 157, 111, 122, 102, 120, 134, 58, 113, 87, 179, 75, 184, 119, 145, 103, 118, 193, 162, 69, 112, 191, 189, 188, 131, 172, 197, 138, 110, 15, 107, 144, 165, 121, 130, 161, 147, 177, 86, 154, 129, 137, 105, 117, 143, 171, 82, 185, 88, 115, 140, 175, 174, 196, 178, 155, 198, 150, 152, 180, 181, 187, 199, 163, 183, 192, 190, 173, 142, 167, 132, 176, 148, 169, 194, 159, 153, 170, 141, 168, 186, 182, 164]]
ta111.txt, time:26159979.367500, odp:[28574.0, [54, 17, 7, 66, 24, 20, 102, 10, 76, 0, 45, 28, 68, 2, 23, 6, 31, 11, 21, 18, 33, 109, 4, 61, 90, 41, 96, 60, 35, 14, 9, 47, 56, 3, 50, 12, 65, 40, 119, 27, 55, 53, 94, 67, 72, 49, 5, 29, 39, 57, 78, 16, 32, 30, 13, 8, 42, 74, 15, 100, 19, 82, 1, 46, 71, 80, 134, 52, 43, 117, 83, 133, 79, 138, 75, 62, 122, 58, 25, 155, 64, 51, 113, 34, 93, 89, 22, 84, 173, 44, 70, 156, 86, 99, 115, 120, 107, 59, 92, 85, 137, 124, 77, 48, 199, 37, 26, 110, 103, 143, 121, 38, 118, 36, 168, 95, 157, 126, 136, 97, 87, 81, 127, 128, 125, 130, 140, 151, 224, 111, 214, 98, 104, 105, 167, 142, 145, 180, 106, 123, 154, 162, 184, 197, 101, 69, 165, 141, 131, 108, 216, 176, 146, 161, 158, 163, 91, 170, 174, 204, 129, 73, 116, 212, 175, 255, 149, 171, 139, 152, 234, 178, 135, 211, 132, 183, 63, 188, 112, 236, 153, 190, 206, 147, 196, 233, 159, 182, 191, 193, 195, 181, 247, 202, 186, 241, 148, 114, 218, 177, 208, 213, 210, 209, 270, 260, 88, 252, 172, 164, 215, 231, 217, 200, 194, 201, 244, 227, 166, 223, 160, 254, 219, 169, 249, 222, 276, 304, 229, 281, 150, 230, 237, 248, 275, 198, 239, 232, 192, 228, 290, 306, 221, 185, 144, 189, 220, 326, 284, 187, 263, 245, 262, 257, 235, 274, 205, 253, 246, 258, 288, 251, 340, 293, 285, 289, 179, 267, 286, 307, 207, 268, 250, 264, 273, 225, 283, 280, 240, 261, 265, 203, 243, 299, 226, 277, 242, 291, 278, 298, 256, 311, 325, 269, 279, 349, 318, 238, 259, 330, 271, 322, 266, 292, 303, 344, 327, 315, 329, 301, 309, 312, 295, 364, 336, 305, 332, 351, 328, 324, 323, 338, 300, 381, 297, 317, 321, 359, 294, 371, 296, 334, 407, 313, 387, 339, 370, 310, 369, 416, 316, 272, 335, 376, 358, 314, 379, 347, 353, 308, 368, 372, 363, 302, 389, 424, 411, 383, 408, 367, 360, 423, 287, 454, 356, 342, 362, 282, 319, 331, 350, 345, 392, 348, 333, 378, 436, 394, 497, 485, 461, 320, 400, 439, 354, 355, 374, 352, 377, 402, 343, 361, 432, 337, 418, 357, 425, 382, 427, 346, 365, 375, 366, 393, 419, 391, 412, 445, 395, 440, 386, 406, 401, 453, 410, 341, 397, 492, 474, 421, 446, 414, 396, 435, 457, 444, 459, 390, 385, 398, 373, 388, 434, 468, 413, 469, 463, 422, 403, 399, 455, 456, 405, 443, 441, 478, 417, 447, 420, 491, 448, 499, 449, 409, 442, 495, 428, 460, 484, 437, 464, 479, 429, 498, 380, 384, 465, 415, 480, 458, 451, 496, 430, 486, 470, 488, 490, 493, 487, 438, 475, 481, 476, 489, 483, 472, 462, 452, 473, 431, 494, 477, 466, 433, 404, 467, 426, 471, 450, 482]]
swap
ta001.txt, time:9850.6329000000, odp:[1297.0, [14, 12, 5, 13, 15, 10, 16, 6, 8, 7, 3, 2, 1, 18, 4, 17, 11, 0, 9, 19]]
ta002.txt, time:9914.9838000000, odp:[1371.0, [5, 19, 11, 16, 2, 3, 12, 6, 9, 15, 10, 18, 13, 4, 8, 14, 1, 7, 17, 0]]
ta003.txt, time:9867.5151000000, odp:[1115.0, [2, 19, 17, 18, 0, 15, 13, 11, 6, 3, 4, 7, 9, 8, 16, 10, 5, 12, 1, 14]]
ta004.txt, time:9871.1017000000, odp:[1356.0, [12, 16, 8, 1, 10, 15, 14, 0, 6, 11, 13, 5, 19, 4, 18, 9, 17, 2, 3, 7]]
ta005.txt, time:9827.3267000000, odp:[1278.0, [14, 18, 2, 3, 8, 11, 12, 10, 15, 9, 5, 16, 1, 7, 4, 6, 13, 0, 17, 19]]
ta006.txt, time:9809.4521000000, odp:[1253.0, [13, 15, 10, 9, 7, 5, 19, 0, 16, 6, 11, 4, 1, 17, 3, 12, 8, 14, 18, 2]]
ta007.txt, time:9822.6004000000, odp:[1261.0, [4, 10, 16, 12, 18, 0, 2, 14, 19, 3, 9, 1, 5, 13, 7, 8, 15, 6, 11, 17]]
ta008.txt, time:9793.1991000000, odp:[1251.0, [1, 15, 8, 18, 4, 5, 16, 9, 19, 0, 7, 2, 17, 3, 14, 11, 13, 6, 12, 10]]
ta009.txt, time:9856.9417000000, odp:[1289.0, [3, 6, 15, 11, 16, 7, 0, 17, 2, 19, 13, 5, 1, 9, 12, 18, 4, 14, 10, 8]]
ta010.txt, time:9834.5041000000, odp:[1161.0, [6, 5, 7, 18, 10, 16, 4, 15, 9, 1, 17, 11, 14, 12, 0, 2, 13, 3, 8, 19]]
ta001.txt, time:9850.6914000000, odp:[1318.0, [16, 14, 12, 18, 8, 10, 0, 7, 2, 5, 15, 3, 17, 6, 4, 1, 11, 13, 9, 19]]
ta011.txt, time:17883.011100000, odp:[1679.0, [3, 4, 2, 1, 8, 17, 6, 13, 5, 11, 7, 16, 18, 19, 14, 10, 12, 15, 9, 0]]
ta021.txt, time:34006.832300000, odp:[2399.0, [15, 17, 7, 1, 12, 19, 9, 13, 10, 4, 5, 11, 3, 6, 8, 14, 0, 16, 18, 2]]
ta031.txt, time:61147.273000000, odp:[2752.0, [25, 35, 5, 7, 3, 38, 20, 28, 22, 39, 18, 12, 26, 30, 29, 23, 0, 42, 40, 31, 41, 44, 16, 2, 48, 19, 21, 24, 47, 45, 10, 13, 6, 8, 36, 46, 27, 9, 33, 4, 14, 1, 17, 32, 11, 43, 37, 34, 49, 15]]
ta041.txt, time:114528.27570000, odp:[3222.0, [17, 36, 40, 2, 24, 13, 43, 32, 1, 29, 3, 45, 15, 14, 46, 41, 42, 37, 30, 7, 12, 35, 39, 49, 0, 22, 10, 27, 33, 11, 9, 21, 23, 19, 4, 25, 8, 6, 48, 31, 34, 28, 16, 26, 18, 5, 47, 20, 44, 38]]
ta051.txt, time:216597.41680000, odp:[4178.0, [34, 19, 11, 39, 27, 30, 38, 23, 29, 10, 14, 20, 42, 31, 17, 9, 45, 13, 37, 43, 0, 1, 25, 36, 40, 26, 16, 44, 33, 6, 7, 48, 46, 41, 35, 22, 4, 15, 12, 32, 3, 28, 5, 47, 21, 24, 49, 18, 8, 2]]
ta061.txt, time:244569.67380000, odp:[5543.0, [69, 41, 24, 47, 12, 68, 39, 70, 52, 5, 43, 27, 61, 9, 38, 26, 45, 99, 6, 55, 84, 57, 48, 35, 81, 50, 44, 95, 3, 72, 79, 73, 83, 63, 37, 34, 74, 49, 58, 76, 33, 36, 54, 19, 40, 98, 21, 0, 67, 51, 89, 17, 96, 15, 30, 10, 80, 18, 28, 82, 8, 14, 31, 59, 56, 92, 46, 77, 32, 75, 13, 87, 7, 25, 62, 85, 66, 42, 78, 2, 90, 91, 53, 4, 88, 86, 1, 60, 22, 16, 65, 64, 23, 94, 11, 71, 93, 97, 20, 29]]
ta071.txt, time:451353.42460000, odp:[6045.0, [69, 60, 20, 84, 30, 59, 16, 80, 4, 63, 27, 91, 46, 10, 7, 61, 5, 3, 97, 9, 21, 38, 35, 8, 98, 37, 96, 49, 56, 6, 19, 81, 1, 45, 57, 62, 82, 66, 85, 28, 99, 15, 78, 74, 92, 71, 17, 76, 14, 34, 90, 77, 67, 2, 55, 43, 23, 73, 72, 89, 83, 51, 65, 70, 52, 41, 88, 44, 0, 64, 53, 68, 54, 42, 22, 13, 87, 50, 75, 18, 58, 11, 25, 12, 47, 95, 24, 39, 79, 94, 36, 86, 48, 40, 32, 33, 31, 29, 93, 26]]
ta081.txt, time:882392.47610000, odp:[6793.0, [21, 30, 80, 24, 53, 99, 45, 77, 58, 54, 46, 89, 75, 61, 7, 81, 60, 79, 8, 52, 66, 78, 32, 87, 43, 1, 34, 29, 9, 82, 92, 3, 65, 76, 55, 20, 64, 28, 90, 83, 33, 17, 38, 4, 74, 73, 18, 0, 19, 2, 71, 72, 10, 26, 62, 22, 15, 70, 84, 91, 98, 97, 5, 35, 59, 12, 11, 95, 63, 6, 86, 39, 47, 27, 25, 88, 23, 93, 44, 42, 14, 13, 31, 67, 85, 16, 96, 48, 49, 37, 57, 94, 36, 41, 50, 56, 69, 68, 51, 40]]
ta091.txt, time:1840345.5408000, odp:[11084.0, [181, 86, 184, 36, 133, 44, 15, 48, 106, 124, 0, 19, 161, 163, 195, 83, 65, 141, 7, 22, 55, 73, 35, 189, 171, 70, 178, 80, 41, 34, 167, 154, 103, 139, 145, 114, 9, 97, 95, 40, 56, 53, 93, 63, 68, 150, 165, 54, 46, 183, 102, 90, 51, 107, 136, 115, 160, 152, 99, 38, 127, 187, 27, 18, 52, 130, 25, 177, 151, 176, 159, 12, 21, 144, 174, 47, 126, 105, 39, 78, 76, 143, 166, 33, 168, 190, 109, 111, 16, 61, 179, 2, 72, 185, 29, 82, 98, 1, 188, 196, 84, 3, 43, 69, 31, 20, 128, 50, 180, 112, 121, 149, 10, 89, 138, 173, 192, 30, 117, 58, 92, 182, 116, 23, 17, 120, 148, 170, 199, 104, 123, 91, 37, 85, 32, 79, 134, 67, 4, 158, 122, 197, 153, 146, 49, 24, 108, 81, 125, 57, 75, 66, 5, 13, 172, 175, 88, 137, 132, 140, 64, 142, 119, 193, 113, 162, 194, 59, 156, 77, 87, 11, 14, 74, 118, 96, 100, 101, 155, 131, 147, 60, 129, 62, 110, 94, 8, 135, 191, 186, 71, 198, 45, 28, 6, 169, 164, 157, 42, 26]]
ta101.txt, time:3531534.3607000, odp:[12068.0, [125, 78, 30, 32, 108, 92, 146, 167, 69, 143, 61, 177, 187, 87, 179, 56, 178, 194, 197, 150, 144, 181, 105, 34, 33, 82, 174, 163, 124, 176, 6, 23, 2, 190, 76, 75, 4, 57, 132, 172, 38, 149, 55, 45, 139, 153, 135, 189, 129, 80, 62, 122, 15, 86, 16, 188, 83, 94, 100, 13, 110, 1, 128, 103, 90, 20, 96, 79, 161, 46, 165, 3, 152, 95, 171, 63, 151, 180, 44, 119, 40, 11, 112, 52, 9, 81, 102, 121, 12, 131, 123, 72, 64, 93, 91, 21, 111, 7, 115, 155, 25, 147, 47, 67, 169, 18, 58, 164, 48, 59, 98, 148, 41, 127, 8, 183, 186, 116, 196, 84, 140, 156, 89, 157, 101, 126, 160, 77, 182, 137, 130, 66, 26, 14, 5, 192, 42, 53, 35, 198, 199, 170, 49, 0, 88, 17, 60, 104, 185, 107, 97, 134, 162, 71, 19, 166, 74, 141, 168, 43, 120, 145, 73, 109, 173, 68, 114, 138, 29, 118, 39, 136, 133, 154, 65, 175, 28, 184, 99, 117, 37, 142, 10, 70, 36, 193, 27, 85, 191, 50, 31, 159, 24, 22, 51, 106, 54, 113, 195, 158]]
ta111.txt, time:22901300.652700, odp:[27537.0, [430, 43, 96, 287, 497, 28, 101, 260, 323, 149, 144, 15, 215, 311, 490, 93, 159, 126, 277, 413, 179, 269, 292, 401, 417, 220, 75, 237, 202, 410, 148, 26, 143, 132, 409, 55, 11, 388, 9, 480, 60, 418, 453, 92, 382, 98, 30, 34, 100, 87, 140, 395, 326, 78, 175, 389, 314, 33, 349, 68, 251, 273, 102, 165, 209, 58, 243, 336, 484, 162, 491, 103, 436, 196, 111, 124, 475, 213, 440, 53, 107, 337, 118, 12, 379, 45, 39, 150, 29, 241, 310, 391, 456, 308, 21, 425, 450, 168, 106, 35, 431, 24, 139, 121, 158, 296, 478, 487, 316, 1, 385, 135, 380, 184, 108, 188, 10, 482, 298, 439, 354, 498, 74, 325, 367, 110, 423, 141, 48, 268, 442, 185, 415, 421, 444, 355, 240, 384, 416, 284, 376, 479, 315, 397, 262, 77, 256, 25, 221, 89, 248, 157, 253, 183, 387, 394, 343, 294, 214, 200, 212, 396, 263, 357, 233, 300, 104, 432, 448, 119, 61, 189, 18, 293, 320, 66, 352, 318, 99, 51, 441, 181, 341, 174, 274, 295, 370, 469, 231, 378, 117, 460, 204, 190, 411, 235, 403, 468, 218, 424, 222, 420, 171, 161, 152, 71, 270, 84, 205, 22, 138, 495, 278, 173, 164, 271, 37, 145, 31, 304, 42, 344, 249, 358, 272, 47, 36, 459, 20, 288, 447, 123, 0, 471, 317, 331, 64, 223, 250, 224, 216, 72, 128, 129, 206, 4, 17, 446, 434, 259, 404, 398, 400, 80, 408, 67, 246, 242, 405, 95, 346, 137, 324, 369, 454, 160, 322, 312, 208, 467, 230, 50, 282, 291, 289, 27, 455, 258, 464, 105, 7, 390, 338, 136, 142, 451, 57, 353, 330, 333, 54, 286, 362, 476, 44, 23, 40, 194, 114, 125, 201, 133, 383, 163, 227, 435, 279, 348, 319, 88, 13, 364, 115, 306, 180, 472, 327, 120, 82, 437, 97, 146, 16, 433, 172, 361, 466, 499, 52, 449, 217, 79, 438, 266, 481, 488, 197, 381, 32, 232, 301, 366, 122, 83, 321, 236, 392, 170, 283, 178, 483, 130, 219, 345, 406, 19, 492, 85, 473, 275, 49, 414, 69, 422, 307, 377, 198, 465, 156, 169, 342, 461, 195, 116, 182, 176, 199, 267, 280, 335, 59, 134, 351, 255, 257, 332, 474, 207, 225, 363, 8, 81, 489, 2, 477, 46, 70, 302, 166, 238, 127, 234, 76, 155, 457, 445, 494, 192, 470, 493, 14, 112, 86, 393, 276, 297, 427, 187, 56, 41, 374, 339, 419, 90, 356, 360, 3, 290, 153, 247, 244, 131, 462, 191, 177, 303, 147, 226, 373, 399, 407, 443, 309, 496, 485, 65, 340, 186, 313, 245, 109, 229, 38, 6, 334, 211, 285, 359, 299, 347, 5, 254, 281, 372, 63, 368, 402, 365, 73, 305, 429, 264, 426, 386, 252, 193, 203, 428, 458, 371, 375, 151, 328, 486, 412, 228, 210, 463, 452, 62, 113, 167, 350, 94, 91, 239, 329, 154, 261, 265]]
