adj
ta001.txt, time:791.09350000000, odp:[1355.0, [5, 8, 3, 10, 7, 2, 6, 0, 11, 1, 4, 14, 9, 16, 15, 18, 13, 17, 12, 19]]
ta002.txt, time:798.09580000000, odp:[1431.0, [2, 8, 0, 7, 18, 10, 5, 3, 12, 13, 6, 17, 9, 1, 4, 15, 19, 14, 11, 16]]
ta003.txt, time:799.08760000000, odp:[1236.0, [19, 4, 5, 10, 0, 13, 15, 2, 7, 12, 17, 9, 11, 1, 3, 18, 6, 14, 8, 16]]
ta004.txt, time:800.08810000000, odp:[1475.0, [10, 1, 4, 7, 13, 8, 16, 12, 6, 19, 2, 9, 3, 5, 11, 14, 17, 15, 0, 18]]
ta005.txt, time:794.09300000000, odp:[1367.0, [2, 9, 14, 8, 6, 11, 19, 1, 12, 5, 17, 0, 18, 16, 10, 7, 3, 15, 4, 13]]
ta006.txt, time:805.08260000000, odp:[1366.0, [5, 11, 8, 19, 7, 10, 14, 13, 6, 4, 0, 17, 2, 9, 3, 15, 16, 1, 12, 18]]
ta007.txt, time:784.10680000000, odp:[1294.0, [4, 7, 8, 0, 19, 11, 15, 2, 5, 9, 1, 6, 13, 3, 12, 16, 18, 14, 10, 17]]
ta008.txt, time:786.10390000000, odp:[1315.0, [16, 0, 3, 1, 19, 7, 11, 13, 2, 15, 18, 6, 4, 14, 5, 9, 17, 8, 12, 10]]
ta009.txt, time:812.18230000000, odp:[1349.0, [3, 1, 6, 14, 15, 0, 4, 5, 10, 17, 2, 8, 11, 7, 16, 12, 19, 9, 18, 13]]
ta010.txt, time:864.46770000000, odp:[1227.0, [0, 7, 15, 5, 18, 2, 4, 19, 16, 8, 1, 10, 13, 6, 11, 17, 12, 9, 3, 14]]
ta011.txt, time:1886.9425000000, odp:[1693.0, [3, 4, 11, 6, 5, 2, 12, 16, 1, 14, 8, 9, 17, 7, 18, 10, 13, 19, 0, 15]]
ta012.txt, time:1581.7902000000, odp:[1861.0, [4, 1, 2, 9, 11, 7, 12, 3, 8, 14, 16, 6, 0, 10, 5, 13, 17, 18, 19, 15]]
ta013.txt, time:1563.9014000000, odp:[1705.0, [8, 19, 10, 12, 7, 18, 2, 1, 5, 11, 9, 3, 4, 16, 6, 14, 0, 15, 13, 17]]
ta014.txt, time:1552.3361000000, odp:[1654.0, [1, 2, 4, 3, 5, 0, 7, 6, 9, 8, 11, 13, 12, 16, 14, 10, 19, 15, 17, 18]]
ta015.txt, time:1564.8143000000, odp:[1539.0, [7, 3, 12, 17, 16, 19, 9, 1, 0, 14, 5, 4, 2, 13, 10, 18, 15, 11, 6, 8]]
ta016.txt, time:1576.6408000000, odp:[1596.0, [6, 3, 1, 10, 12, 7, 13, 11, 18, 8, 0, 19, 17, 9, 15, 4, 2, 5, 16, 14]]
ta017.txt, time:1553.3280000000, odp:[1746.0, [5, 1, 9, 3, 13, 14, 4, 6, 7, 8, 16, 2, 19, 15, 18, 17, 12, 0, 10, 11]]
ta018.txt, time:1550.9472000000, odp:[1712.0, [6, 9, 0, 5, 10, 4, 8, 12, 19, 13, 7, 14, 16, 2, 3, 15, 18, 17, 11, 1]]
ta019.txt, time:1918.8789000000, odp:[1708.0, [11, 3, 1, 13, 16, 7, 17, 8, 2, 4, 18, 9, 6, 12, 19, 0, 5, 14, 15, 10]]
ta020.txt, time:1551.3513000000, odp:[1822.0, [1, 5, 6, 9, 16, 8, 0, 12, 10, 2, 19, 3, 17, 15, 14, 18, 13, 7, 11, 4]]
ta021.txt, time:36198.528800000, odp:[2545.0, [17, 1, 10, 2, 4, 14, 0, 5, 15, 11, 19, 13, 6, 3, 7, 16, 8, 12, 9, 18]]
ta022.txt, time:34585.070500000, odp:[2305.0, [2, 6, 7, 12, 0, 10, 4, 3, 11, 8, 13, 14, 5, 15, 17, 9, 18, 19, 16, 1]]
ta023.txt, time:33886.203000000, odp:[2461.0, [4, 5, 8, 11, 7, 0, 12, 9, 16, 15, 2, 13, 10, 3, 1, 14, 17, 18, 19, 6]]
ta024.txt, time:34155.500200000, odp:[2515.0, [10, 7, 4, 2, 1, 0, 5, 9, 3, 6, 14, 12, 13, 11, 18, 8, 15, 16, 17, 19]]
ta025.txt, time:35228.723600000, odp:[2486.0, [7, 1, 11, 8, 0, 19, 15, 12, 6, 5, 14, 18, 4, 3, 2, 17, 16, 9, 13, 10]]
ta026.txt, time:36821.355200000, odp:[2491.0, [6, 3, 10, 2, 12, 1, 7, 0, 4, 15, 9, 16, 14, 17, 19, 5, 8, 11, 13, 18]]
ta027.txt, time:35844.921900000, odp:[2510.0, [1, 17, 6, 7, 9, 8, 2, 3, 13, 15, 0, 4, 11, 10, 5, 14, 18, 19, 16, 12]]
ta028.txt, time:35818.238200000, odp:[2353.0, [4, 3, 5, 12, 14, 0, 11, 1, 15, 6, 8, 2, 9, 7, 19, 10, 18, 13, 16, 17]]
ta029.txt, time:36206.846800000, odp:[2418.0, [0, 7, 4, 5, 8, 6, 2, 13, 10, 1, 11, 12, 18, 9, 16, 19, 17, 3, 14, 15]]
ta030.txt, time:35889.802800000, odp:[2393.0, [5, 18, 8, 6, 3, 1, 16, 7, 14, 2, 19, 0, 4, 15, 12, 17, 10, 11, 9, 13]]
ta031.txt, time:5286.3256000000, odp:[2866.0, [2, 11, 5, 4, 1, 10, 8, 14, 20, 13, 9, 32, 23, 3, 33, 6, 28, 26, 16, 12, 7, 29, 0, 18, 17, 22, 31, 35, 27, 21, 42, 44, 25, 41, 19, 46, 36, 39, 24, 15, 38, 49, 34, 48, 37, 45, 30, 40, 43, 47]]
ta032.txt, time:5274.7980000000, odp:[3264.0, [6, 4, 3, 0, 5, 7, 10, 9, 1, 27, 2, 15, 22, 8, 28, 13, 31, 14, 12, 25, 11, 18, 41, 20, 21, 35, 39, 32, 29, 17, 49, 47, 24, 34, 36, 33, 26, 44, 19, 40, 37, 30, 42, 16, 46, 45, 43, 23, 38, 48]]
ta033.txt, time:5250.3679000000, odp:[2788.0, [3, 4, 12, 13, 0, 23, 15, 10, 8, 16, 2, 7, 5, 26, 1, 9, 27, 19, 31, 28, 25, 6, 17, 14, 41, 21, 18, 43, 29, 11, 33, 22, 30, 40, 24, 36, 39, 32, 45, 20, 37, 44, 34, 48, 47, 46, 35, 38, 42, 49]]
ta034.txt, time:5260.9061000000, odp:[2962.0, [14, 13, 21, 6, 4, 3, 19, 23, 17, 16, 28, 1, 2, 5, 20, 12, 0, 8, 9, 26, 43, 10, 33, 24, 7, 18, 11, 25, 27, 36, 41, 29, 15, 31, 30, 44, 45, 22, 38, 37, 34, 35, 49, 42, 40, 32, 48, 47, 46, 39]]
ta035.txt, time:5240.4009000000, odp:[3007.0, [7, 10, 2, 19, 18, 0, 6, 14, 5, 9, 3, 20, 12, 11, 35, 1, 8, 13, 17, 33, 21, 32, 27, 22, 23, 30, 26, 24, 4, 34, 25, 28, 36, 31, 16, 15, 38, 49, 29, 44, 41, 45, 47, 42, 43, 39, 40, 46, 37, 48]]
ta036.txt, time:5260.2987000000, odp:[3063.0, [5, 1, 3, 4, 0, 2, 9, 6, 8, 7, 10, 11, 14, 19, 12, 16, 15, 18, 25, 22, 13, 29, 17, 20, 23, 27, 24, 21, 28, 26, 31, 34, 30, 32, 37, 36, 38, 35, 40, 39, 33, 43, 42, 47, 41, 44, 46, 45, 49, 48]]
ta037.txt, time:5329.0538000000, odp:[3050.0, [17, 3, 9, 7, 8, 2, 12, 11, 4, 37, 5, 1, 14, 20, 0, 16, 6, 22, 18, 28, 33, 23, 24, 19, 26, 13, 38, 15, 21, 10, 43, 41, 30, 27, 42, 40, 31, 29, 35, 44, 25, 34, 45, 48, 36, 32, 49, 47, 39, 46]]
ta038.txt, time:5292.3437000000, odp:[2924.0, [9, 3, 2, 1, 0, 7, 5, 4, 27, 17, 18, 13, 11, 8, 12, 6, 15, 20, 14, 19, 16, 24, 26, 33, 10, 25, 21, 22, 29, 31, 23, 30, 45, 40, 32, 35, 47, 28, 49, 48, 36, 34, 37, 39, 44, 43, 42, 38, 46, 41]]
ta039.txt, time:5241.3749000000, odp:[2776.0, [11, 9, 12, 3, 7, 4, 1, 17, 19, 2, 18, 20, 0, 10, 24, 13, 14, 6, 25, 5, 31, 29, 15, 8, 36, 28, 23, 22, 16, 35, 38, 48, 45, 21, 40, 32, 41, 47, 42, 34, 27, 30, 43, 37, 33, 44, 46, 49, 39, 26]]
ta040.txt, time:5313.5827000000, odp:[2944.0, [9, 4, 2, 14, 18, 7, 5, 3, 10, 16, 19, 11, 6, 0, 1, 23, 32, 17, 8, 15, 13, 12, 29, 26, 21, 22, 31, 35, 24, 33, 25, 30, 36, 28, 27, 42, 38, 44, 39, 45, 49, 47, 20, 48, 43, 46, 34, 41, 37, 40]]
ta041.txt, time:9747.3808000000, odp:[3480.0, [19, 5, 6, 11, 0, 8, 3, 10, 7, 1, 16, 2, 15, 22, 9, 13, 4, 12, 48, 31, 24, 33, 36, 17, 23, 14, 27, 20, 29, 45, 34, 25, 42, 41, 18, 39, 37, 44, 40, 28, 38, 30, 21, 35, 49, 32, 26, 43, 46, 47]]
ta042.txt, time:9720.6141000000, odp:[3375.0, [11, 21, 1, 6, 19, 4, 7, 3, 8, 2, 44, 17, 0, 29, 9, 24, 18, 13, 10, 22, 14, 12, 25, 34, 16, 32, 15, 23, 5, 35, 38, 46, 37, 40, 41, 48, 31, 26, 47, 20, 36, 49, 30, 43, 28, 45, 39, 42, 33, 27]]
ta043.txt, time:9725.6996000000, odp:[3374.0, [11, 16, 3, 21, 14, 1, 6, 2, 10, 15, 19, 5, 13, 0, 31, 9, 26, 4, 30, 12, 8, 27, 46, 20, 24, 7, 17, 28, 29, 35, 34, 18, 45, 41, 48, 23, 39, 38, 25, 37, 32, 40, 44, 42, 47, 33, 49, 22, 43, 36]]
ta044.txt, time:9958.9896000000, odp:[3402.0, [5, 1, 2, 12, 7, 0, 11, 4, 3, 13, 14, 9, 34, 15, 6, 8, 28, 10, 18, 22, 17, 21, 16, 25, 20, 30, 42, 33, 24, 26, 29, 31, 35, 23, 46, 49, 43, 19, 41, 27, 45, 36, 40, 37, 38, 44, 39, 47, 32, 48]]
ta045.txt, time:10129.399400000, odp:[3379.0, [15, 6, 5, 13, 11, 1, 3, 14, 9, 7, 2, 4, 25, 0, 12, 8, 17, 27, 36, 19, 22, 26, 10, 33, 38, 21, 16, 30, 18, 34, 20, 47, 29, 24, 49, 41, 28, 48, 46, 35, 23, 44, 40, 32, 45, 42, 37, 31, 39, 43]]
ta046.txt, time:9783.3763000000, odp:[3469.0, [15, 5, 8, 6, 3, 1, 11, 18, 9, 10, 13, 0, 25, 19, 2, 21, 12, 34, 14, 16, 4, 24, 23, 39, 30, 48, 7, 27, 20, 46, 26, 22, 17, 42, 37, 35, 32, 31, 45, 29, 43, 41, 36, 40, 38, 28, 47, 33, 44, 49]]
ta047.txt, time:9671.6203000000, odp:[3367.0, [8, 12, 19, 1, 9, 5, 15, 0, 25, 2, 16, 10, 22, 21, 3, 7, 6, 13, 17, 18, 32, 41, 48, 11, 30, 20, 36, 26, 27, 4, 34, 40, 28, 14, 38, 23, 33, 39, 35, 29, 47, 49, 31, 45, 42, 24, 43, 44, 46, 37]]
ta048.txt, time:9762.5666000000, odp:[3449.0, [5, 14, 3, 0, 8, 1, 13, 2, 6, 16, 12, 29, 9, 11, 15, 7, 34, 4, 24, 21, 37, 23, 18, 48, 10, 19, 25, 30, 33, 31, 32, 17, 20, 22, 38, 39, 36, 27, 47, 28, 40, 26, 46, 45, 41, 49, 35, 44, 42, 43]]
ta049.txt, time:9743.7882000000, odp:[3489.0, [11, 9, 7, 6, 2, 1, 3, 5, 13, 19, 17, 4, 14, 8, 22, 10, 20, 18, 0, 24, 31, 21, 29, 15, 30, 37, 27, 28, 32, 12, 39, 16, 38, 48, 43, 36, 26, 35, 44, 25, 49, 23, 46, 45, 33, 47, 42, 41, 34, 40]]
ta050.txt, time:9763.8125000000, odp:[3476.0, [6, 8, 4, 25, 19, 13, 14, 10, 15, 9, 1, 26, 5, 7, 12, 0, 30, 2, 39, 18, 17, 24, 33, 22, 35, 21, 32, 28, 41, 11, 40, 27, 23, 34, 48, 47, 3, 38, 42, 16, 49, 31, 45, 37, 29, 20, 46, 36, 44, 43]]
ta051.txt, time:18576.124800000, odp:[4602.0, [0, 5, 7, 14, 4, 9, 2, 3, 31, 16, 8, 19, 28, 22, 13, 11, 10, 43, 39, 25, 15, 42, 6, 17, 29, 27, 12, 20, 18, 1, 47, 37, 21, 35, 40, 45, 26, 23, 38, 24, 46, 36, 32, 48, 33, 34, 44, 41, 30, 49]]
ta052.txt, time:18704.771200000, odp:[4306.0, [7, 3, 1, 10, 15, 4, 6, 0, 13, 8, 11, 2, 14, 28, 17, 41, 21, 20, 34, 22, 16, 5, 27, 31, 19, 9, 24, 18, 12, 25, 26, 35, 29, 43, 38, 23, 42, 37, 40, 46, 30, 39, 32, 44, 45, 47, 33, 48, 49, 36]]
ta053.txt, time:18542.216600000, odp:[4239.0, [9, 5, 7, 14, 16, 10, 8, 3, 32, 0, 4, 13, 23, 19, 6, 15, 11, 24, 1, 31, 21, 2, 20, 22, 35, 12, 30, 33, 40, 28, 47, 44, 37, 27, 17, 46, 42, 34, 26, 18, 39, 38, 25, 36, 45, 29, 49, 48, 41, 43]]
ta054.txt, time:18577.119500000, odp:[4264.0, [14, 2, 7, 3, 12, 18, 9, 1, 17, 6, 0, 23, 19, 8, 16, 10, 13, 22, 4, 20, 41, 24, 28, 40, 37, 11, 5, 45, 32, 44, 25, 35, 39, 34, 26, 36, 33, 43, 27, 42, 29, 48, 38, 30, 46, 47, 49, 31, 21, 15]]
ta055.txt, time:18569.759600000, odp:[4395.0, [4, 1, 7, 5, 8, 11, 6, 0, 3, 18, 23, 16, 26, 24, 9, 29, 22, 33, 12, 13, 10, 14, 19, 27, 34, 40, 2, 15, 21, 20, 28, 17, 39, 48, 35, 49, 38, 36, 30, 25, 37, 31, 41, 46, 32, 44, 43, 42, 45, 47]]
ta056.txt, time:19128.767400000, odp:[4392.0, [0, 13, 10, 26, 17, 4, 11, 9, 27, 1, 3, 14, 5, 25, 21, 18, 6, 2, 8, 29, 23, 7, 30, 48, 15, 34, 35, 19, 12, 20, 28, 42, 31, 33, 22, 36, 32, 45, 41, 16, 43, 39, 40, 38, 46, 49, 44, 24, 37, 47]]
ta057.txt, time:19351.239400000, odp:[4325.0, [1, 0, 5, 10, 7, 12, 4, 11, 2, 14, 17, 30, 8, 27, 9, 15, 32, 31, 24, 13, 6, 29, 18, 19, 22, 36, 48, 3, 35, 33, 28, 20, 37, 23, 16, 38, 21, 45, 34, 26, 40, 39, 43, 42, 46, 25, 49, 47, 41, 44]]
ta058.txt, time:18308.999500000, odp:[4249.0, [14, 2, 13, 9, 8, 6, 3, 0, 10, 26, 4, 15, 12, 1, 5, 17, 18, 21, 22, 11, 35, 7, 36, 25, 19, 23, 28, 20, 34, 33, 29, 16, 38, 46, 32, 43, 41, 44, 47, 40, 31, 27, 39, 48, 24, 42, 45, 49, 30, 37]]
ta059.txt, time:18354.184000000, odp:[4263.0, [8, 14, 11, 10, 29, 13, 7, 1, 2, 3, 15, 12, 0, 16, 27, 5, 9, 4, 37, 25, 36, 26, 6, 30, 17, 22, 32, 23, 33, 19, 21, 28, 42, 18, 41, 47, 45, 35, 46, 20, 24, 44, 31, 40, 49, 43, 38, 39, 48, 34]]
ta060.txt, time:18248.832000000, odp:[4429.0, [2, 13, 16, 7, 11, 1, 4, 6, 23, 14, 15, 0, 3, 38, 10, 8, 17, 18, 28, 20, 22, 37, 12, 5, 9, 25, 21, 19, 29, 36, 27, 24, 42, 46, 32, 31, 26, 35, 47, 30, 49, 40, 48, 39, 41, 33, 34, 43, 45, 44]]
ta061.txt, time:20661.867100000, odp:[5751.0, [10, 15, 14, 17, 3, 12, 1, 2, 16, 5, 8, 7, 27, 6, 20, 11, 4, 23, 38, 26, 19, 21, 0, 13, 36, 30, 29, 18, 22, 35, 37, 34, 28, 32, 25, 24, 53, 43, 9, 39, 51, 41, 33, 42, 58, 59, 48, 52, 47, 56, 45, 31, 44, 40, 49, 46, 61, 55, 70, 62, 71, 66, 60, 54, 64, 63, 77, 57, 83, 88, 67, 86, 65, 95, 69, 85, 96, 76, 50, 82, 72, 75, 93, 81, 73, 74, 79, 94, 80, 84, 78, 68, 89, 90, 97, 87, 92, 98, 99, 91]]
ta062.txt, time:20858.844700000, odp:[5675.0, [10, 2, 0, 13, 1, 5, 4, 9, 17, 7, 8, 3, 15, 6, 22, 12, 11, 23, 20, 14, 16, 19, 27, 21, 28, 30, 24, 18, 26, 36, 32, 25, 51, 39, 33, 34, 37, 40, 31, 38, 29, 41, 45, 35, 52, 46, 42, 62, 53, 44, 48, 49, 43, 56, 47, 55, 57, 60, 54, 59, 58, 50, 66, 63, 61, 69, 64, 72, 71, 68, 80, 75, 77, 73, 70, 84, 65, 76, 67, 79, 74, 81, 78, 85, 82, 83, 96, 88, 87, 94, 92, 89, 86, 95, 98, 99, 91, 93, 97, 90]]
ta063.txt, time:21036.570600000, odp:[5550.0, [13, 6, 4, 0, 10, 27, 2, 21, 11, 20, 7, 1, 8, 22, 40, 30, 3, 5, 29, 28, 23, 26, 35, 9, 16, 12, 34, 19, 14, 17, 18, 48, 25, 33, 41, 49, 59, 31, 37, 15, 43, 24, 44, 47, 53, 32, 42, 39, 36, 65, 46, 54, 61, 52, 57, 50, 51, 45, 63, 62, 69, 38, 74, 73, 67, 58, 64, 60, 66, 70, 78, 71, 77, 98, 55, 72, 81, 79, 76, 86, 80, 56, 97, 75, 82, 92, 87, 84, 88, 83, 68, 89, 85, 94, 91, 96, 90, 99, 93, 95]]
ta064.txt, time:20981.526800000, odp:[5488.0, [5, 1, 10, 4, 6, 15, 2, 8, 7, 18, 23, 22, 16, 32, 26, 3, 0, 14, 9, 11, 17, 13, 35, 20, 29, 19, 38, 25, 42, 24, 27, 12, 21, 30, 40, 31, 55, 34, 47, 48, 45, 28, 39, 37, 43, 44, 33, 49, 41, 46, 57, 53, 52, 36, 60, 73, 54, 59, 70, 58, 78, 64, 56, 74, 51, 50, 77, 61, 62, 65, 69, 76, 71, 67, 79, 80, 88, 75, 66, 68, 84, 63, 83, 85, 72, 82, 99, 91, 98, 90, 94, 89, 87, 92, 93, 86, 97, 81, 95, 96]]
ta065.txt, time:20954.531000000, odp:[5735.0, [2, 1, 0, 14, 32, 8, 15, 3, 9, 6, 20, 4, 10, 27, 16, 19, 7, 21, 18, 5, 11, 13, 30, 38, 25, 46, 12, 29, 44, 31, 17, 50, 24, 26, 28, 43, 48, 34, 23, 42, 61, 40, 37, 22, 35, 41, 73, 33, 39, 70, 54, 57, 63, 52, 45, 60, 72, 55, 47, 49, 53, 51, 65, 83, 59, 58, 67, 77, 56, 97, 78, 36, 69, 91, 85, 68, 76, 81, 71, 64, 62, 88, 79, 95, 80, 86, 87, 66, 75, 89, 93, 90, 98, 74, 94, 92, 82, 84, 96, 99]]
ta066.txt, time:21058.718300000, odp:[5451.0, [2, 6, 0, 7, 3, 9, 8, 12, 17, 13, 27, 14, 15, 4, 11, 5, 19, 26, 1, 16, 10, 40, 23, 28, 20, 31, 18, 22, 34, 41, 25, 29, 37, 33, 39, 30, 24, 43, 42, 32, 36, 52, 21, 38, 56, 35, 46, 50, 44, 54, 48, 45, 75, 49, 51, 61, 71, 60, 67, 64, 57, 68, 59, 63, 47, 58, 80, 84, 72, 74, 73, 62, 53, 65, 77, 79, 55, 93, 81, 76, 69, 89, 85, 70, 87, 92, 78, 82, 86, 66, 97, 88, 90, 94, 96, 91, 95, 83, 98, 99]]
ta067.txt, time:20965.771200000, odp:[5677.0, [10, 15, 9, 1, 7, 12, 6, 11, 2, 16, 0, 21, 5, 4, 17, 27, 23, 19, 18, 8, 20, 33, 35, 14, 13, 25, 36, 26, 24, 53, 40, 29, 22, 28, 43, 39, 3, 44, 32, 38, 34, 31, 30, 46, 58, 42, 37, 55, 48, 56, 61, 67, 52, 41, 47, 76, 62, 50, 70, 59, 45, 54, 49, 51, 81, 57, 65, 75, 72, 78, 74, 79, 69, 64, 63, 68, 94, 98, 66, 86, 60, 84, 90, 85, 82, 71, 77, 89, 91, 99, 96, 87, 80, 97, 88, 92, 73, 93, 95, 83]]
ta068.txt, time:21138.586100000, odp:[5672.0, [6, 12, 23, 3, 18, 5, 8, 20, 27, 10, 11, 34, 1, 16, 25, 0, 33, 2, 43, 7, 26, 9, 19, 21, 17, 4, 29, 14, 31, 15, 13, 36, 32, 37, 41, 44, 30, 28, 61, 24, 51, 45, 56, 46, 50, 40, 54, 42, 53, 49, 22, 69, 48, 47, 39, 65, 38, 57, 60, 87, 59, 71, 62, 63, 67, 35, 77, 76, 75, 52, 55, 79, 78, 89, 74, 70, 72, 64, 66, 80, 85, 86, 84, 81, 83, 91, 58, 94, 95, 98, 93, 73, 88, 90, 99, 68, 97, 82, 92, 96]]
ta069.txt, time:21202.543200000, odp:[5849.0, [5, 4, 1, 32, 0, 14, 9, 8, 17, 2, 26, 38, 21, 3, 7, 19, 24, 10, 36, 20, 18, 12, 13, 23, 22, 15, 6, 31, 35, 16, 29, 34, 45, 37, 41, 11, 42, 25, 30, 49, 33, 57, 55, 48, 39, 53, 50, 40, 27, 44, 51, 58, 60, 43, 47, 61, 46, 74, 72, 28, 59, 64, 70, 62, 52, 76, 77, 65, 54, 68, 56, 73, 84, 88, 78, 63, 90, 94, 82, 87, 85, 79, 71, 83, 86, 75, 91, 89, 81, 93, 99, 95, 69, 66, 96, 97, 98, 92, 67, 80]]
ta070.txt, time:21282.120100000, odp:[5933.0, [3, 13, 2, 7, 10, 18, 24, 19, 9, 8, 12, 16, 22, 4, 6, 5, 25, 20, 14, 11, 1, 38, 0, 15, 28, 44, 30, 37, 29, 17, 21, 39, 49, 34, 32, 65, 23, 46, 45, 26, 33, 47, 27, 35, 48, 36, 31, 53, 60, 52, 42, 58, 50, 40, 41, 62, 59, 51, 55, 68, 79, 43, 75, 73, 56, 74, 54, 77, 70, 67, 63, 69, 72, 85, 57, 80, 64, 61, 83, 84, 71, 96, 66, 86, 92, 76, 97, 89, 90, 82, 78, 98, 87, 95, 93, 88, 91, 81, 99, 94]]
ta071.txt, time:39403.198100000, odp:[6627.0, [2, 9, 6, 0, 7, 5, 21, 1, 10, 11, 14, 23, 13, 16, 3, 20, 4, 15, 12, 27, 22, 32, 30, 8, 17, 44, 25, 18, 24, 34, 42, 33, 19, 49, 55, 43, 29, 35, 26, 37, 28, 41, 47, 58, 63, 39, 45, 40, 66, 52, 50, 31, 51, 46, 54, 38, 59, 36, 53, 64, 68, 62, 48, 67, 65, 60, 69, 61, 56, 72, 71, 57, 77, 73, 81, 91, 76, 98, 89, 83, 80, 87, 75, 90, 92, 84, 70, 74, 86, 94, 78, 85, 79, 82, 99, 93, 96, 95, 88, 97]]
ta072.txt, time:39280.640200000, odp:[6178.0, [7, 6, 2, 5, 29, 15, 20, 12, 11, 1, 31, 8, 3, 10, 4, 17, 28, 0, 9, 18, 25, 19, 21, 32, 35, 34, 27, 26, 13, 22, 16, 37, 23, 24, 14, 42, 41, 38, 33, 36, 30, 48, 44, 47, 58, 52, 40, 39, 46, 68, 51, 57, 56, 49, 64, 54, 70, 63, 61, 67, 53, 60, 45, 72, 69, 77, 71, 50, 66, 59, 43, 93, 73, 80, 65, 84, 85, 75, 76, 95, 62, 74, 87, 90, 78, 98, 97, 91, 55, 92, 88, 81, 94, 86, 83, 96, 89, 82, 99, 79]]
ta073.txt, time:38687.213900000, odp:[6383.0, [0, 13, 9, 1, 17, 6, 23, 2, 7, 14, 10, 3, 20, 5, 37, 27, 4, 16, 24, 28, 8, 42, 15, 22, 34, 32, 11, 49, 41, 25, 26, 12, 21, 18, 29, 35, 19, 36, 33, 30, 56, 50, 40, 47, 38, 53, 58, 44, 62, 31, 52, 45, 75, 59, 65, 73, 61, 43, 39, 63, 91, 70, 54, 57, 55, 68, 71, 87, 64, 46, 67, 48, 51, 66, 84, 69, 72, 89, 80, 82, 77, 90, 74, 78, 99, 60, 76, 85, 95, 96, 81, 97, 79, 98, 86, 93, 88, 92, 83, 94]]
ta074.txt, time:39781.945300000, odp:[6623.0, [9, 2, 27, 10, 1, 12, 6, 0, 19, 5, 31, 26, 3, 4, 30, 14, 13, 20, 23, 11, 15, 25, 17, 24, 39, 46, 7, 41, 8, 16, 36, 28, 21, 44, 48, 45, 55, 65, 22, 37, 32, 34, 33, 35, 47, 51, 53, 60, 38, 49, 56, 18, 67, 29, 52, 58, 79, 59, 57, 75, 40, 73, 68, 42, 83, 50, 61, 70, 63, 71, 62, 64, 43, 78, 91, 54, 89, 80, 74, 88, 66, 77, 85, 81, 86, 72, 69, 82, 99, 97, 87, 94, 92, 93, 76, 90, 96, 98, 95, 84]]
ta075.txt, time:38718.854000000, odp:[6273.0, [20, 4, 13, 17, 0, 1, 14, 12, 5, 26, 11, 6, 10, 7, 3, 2, 15, 24, 34, 23, 8, 9, 30, 31, 44, 22, 25, 18, 40, 16, 33, 19, 43, 35, 36, 28, 27, 32, 42, 21, 45, 37, 53, 55, 59, 29, 38, 51, 41, 58, 48, 39, 56, 64, 50, 46, 57, 72, 67, 52, 84, 74, 47, 68, 49, 76, 70, 60, 62, 75, 78, 65, 54, 61, 73, 82, 69, 66, 92, 71, 87, 80, 83, 63, 97, 89, 90, 95, 81, 88, 99, 98, 77, 96, 85, 94, 91, 79, 93, 86]]
ta076.txt, time:39542.513000000, odp:[5961.0, [8, 7, 3, 1, 14, 15, 10, 16, 2, 18, 9, 21, 20, 24, 0, 22, 23, 30, 12, 11, 4, 6, 13, 17, 27, 5, 31, 19, 39, 49, 40, 36, 42, 35, 28, 29, 37, 34, 25, 47, 45, 41, 46, 59, 38, 51, 26, 43, 73, 52, 57, 44, 64, 48, 62, 32, 78, 53, 67, 72, 33, 70, 54, 74, 61, 69, 56, 55, 50, 60, 68, 90, 63, 79, 65, 87, 84, 81, 58, 80, 71, 77, 96, 92, 76, 82, 66, 88, 83, 91, 89, 98, 86, 94, 93, 85, 99, 97, 75, 95]]
ta077.txt, time:39316.832400000, odp:[6176.0, [0, 13, 12, 10, 2, 8, 20, 21, 11, 18, 6, 3, 9, 7, 32, 15, 25, 1, 26, 16, 28, 14, 5, 19, 30, 34, 27, 43, 29, 4, 39, 49, 22, 38, 40, 46, 35, 23, 31, 36, 17, 62, 33, 42, 50, 61, 41, 45, 44, 54, 58, 60, 56, 37, 52, 72, 73, 69, 47, 67, 66, 68, 24, 65, 74, 59, 57, 48, 63, 64, 82, 51, 87, 84, 77, 70, 53, 88, 55, 80, 94, 76, 89, 92, 71, 86, 97, 95, 79, 78, 83, 96, 99, 91, 98, 75, 85, 81, 93, 90]]
ta078.txt, time:39485.942200000, odp:[6417.0, [15, 7, 10, 4, 3, 0, 9, 22, 30, 2, 12, 18, 6, 11, 25, 1, 36, 5, 28, 21, 19, 16, 13, 26, 20, 42, 32, 17, 31, 27, 8, 29, 24, 48, 39, 46, 38, 35, 49, 43, 14, 33, 51, 23, 37, 60, 34, 45, 66, 59, 58, 76, 41, 57, 65, 52, 55, 56, 47, 72, 50, 74, 63, 64, 67, 68, 69, 77, 53, 75, 80, 61, 44, 84, 83, 62, 91, 40, 70, 54, 98, 79, 90, 94, 89, 86, 95, 71, 92, 82, 85, 73, 96, 78, 87, 93, 97, 81, 88, 99]]
ta079.txt, time:39362.413900000, odp:[6465.0, [4, 14, 3, 8, 2, 11, 10, 16, 5, 1, 9, 19, 0, 6, 12, 30, 23, 25, 28, 13, 7, 36, 20, 41, 51, 15, 24, 21, 18, 31, 38, 22, 29, 26, 17, 46, 27, 58, 34, 33, 32, 56, 40, 43, 48, 35, 39, 42, 55, 45, 37, 49, 47, 50, 53, 59, 57, 71, 65, 52, 54, 61, 68, 67, 60, 76, 63, 44, 73, 77, 74, 83, 62, 85, 66, 64, 70, 75, 93, 92, 78, 91, 97, 69, 72, 79, 96, 90, 94, 81, 87, 84, 80, 88, 89, 82, 86, 99, 95, 98]]
ta080.txt, time:39665.537100000, odp:[6576.0, [3, 8, 5, 7, 12, 13, 6, 2, 0, 20, 4, 9, 14, 1, 10, 27, 24, 18, 21, 19, 23, 48, 11, 22, 16, 15, 31, 30, 32, 25, 17, 33, 29, 35, 34, 43, 38, 50, 58, 40, 45, 28, 46, 39, 42, 49, 54, 37, 44, 60, 53, 57, 41, 63, 52, 56, 59, 66, 36, 26, 67, 55, 73, 79, 75, 69, 51, 47, 62, 77, 70, 65, 90, 64, 85, 68, 76, 82, 78, 95, 80, 61, 97, 71, 84, 87, 74, 72, 99, 88, 92, 96, 81, 86, 89, 98, 83, 94, 91, 93]]
ta081.txt, time:71350.872100000, odp:[7334.0, [5, 12, 1, 21, 14, 6, 16, 3, 8, 18, 0, 13, 10, 9, 25, 35, 2, 19, 17, 23, 4, 40, 7, 15, 33, 32, 11, 36, 27, 28, 20, 38, 24, 29, 37, 48, 26, 30, 31, 43, 22, 34, 39, 42, 45, 47, 52, 50, 41, 69, 56, 57, 44, 58, 55, 54, 51, 46, 53, 67, 79, 49, 80, 71, 77, 62, 64, 63, 68, 75, 70, 86, 59, 65, 73, 93, 84, 66, 87, 60, 92, 61, 88, 78, 81, 74, 76, 72, 82, 99, 85, 83, 94, 91, 96, 95, 97, 98, 90, 89]]
ta082.txt, time:71382.030100000, odp:[7278.0, [0, 6, 10, 1, 5, 3, 9, 12, 11, 8, 26, 2, 7, 29, 17, 13, 14, 19, 4, 18, 25, 16, 38, 22, 23, 20, 31, 30, 15, 28, 43, 21, 46, 27, 36, 33, 24, 32, 42, 47, 41, 34, 40, 50, 44, 39, 37, 59, 52, 49, 35, 45, 48, 56, 61, 53, 68, 54, 77, 58, 51, 57, 64, 63, 69, 65, 70, 74, 66, 76, 55, 78, 90, 60, 89, 72, 83, 86, 94, 82, 98, 91, 67, 73, 71, 85, 62, 88, 84, 81, 99, 96, 92, 97, 75, 95, 93, 80, 79, 87]]
ta083.txt, time:75860.581800000, odp:[7369.0, [19, 5, 6, 23, 21, 2, 3, 9, 10, 8, 15, 14, 0, 18, 20, 12, 4, 16, 27, 30, 13, 24, 31, 1, 28, 29, 7, 11, 25, 22, 17, 26, 44, 36, 58, 33, 46, 39, 53, 41, 37, 43, 35, 34, 52, 45, 48, 56, 38, 42, 51, 57, 61, 40, 70, 59, 32, 62, 47, 64, 67, 66, 65, 72, 63, 73, 86, 50, 68, 55, 49, 85, 60, 81, 80, 74, 94, 54, 69, 71, 78, 88, 98, 83, 84, 79, 77, 82, 76, 99, 93, 97, 96, 87, 90, 92, 75, 89, 91, 95]]
ta084.txt, time:75852.633300000, odp:[7460.0, [0, 15, 16, 4, 7, 5, 14, 8, 26, 11, 6, 21, 23, 1, 2, 3, 29, 20, 19, 13, 10, 27, 43, 24, 49, 25, 30, 45, 17, 28, 9, 37, 32, 18, 33, 34, 52, 12, 31, 40, 35, 62, 38, 65, 41, 36, 57, 46, 44, 69, 50, 22, 59, 39, 53, 42, 56, 55, 48, 64, 67, 60, 73, 54, 71, 79, 74, 47, 51, 81, 63, 61, 66, 68, 58, 82, 72, 76, 77, 84, 86, 94, 78, 75, 90, 93, 85, 99, 95, 87, 83, 92, 80, 88, 89, 91, 70, 97, 98, 96]]
ta085.txt, time:72305.168800000, odp:[7089.0, [9, 13, 4, 3, 11, 0, 2, 15, 1, 6, 29, 19, 12, 5, 10, 20, 37, 7, 14, 23, 8, 22, 36, 18, 16, 33, 21, 28, 17, 31, 40, 24, 35, 27, 32, 26, 39, 53, 48, 34, 45, 42, 30, 38, 55, 47, 43, 50, 41, 25, 46, 56, 61, 80, 67, 49, 58, 44, 51, 63, 52, 75, 84, 57, 66, 68, 65, 60, 72, 62, 54, 86, 59, 91, 74, 69, 88, 77, 82, 85, 76, 64, 97, 70, 81, 71, 79, 93, 92, 78, 87, 95, 73, 99, 90, 83, 94, 96, 98, 89]]
ta086.txt, time:71691.738900000, odp:[7394.0, [2, 9, 18, 3, 6, 0, 1, 13, 8, 10, 21, 5, 4, 24, 12, 25, 20, 16, 36, 7, 35, 11, 28, 15, 30, 14, 33, 17, 44, 26, 22, 37, 34, 45, 19, 56, 27, 38, 43, 29, 53, 39, 49, 40, 31, 67, 41, 32, 51, 42, 59, 71, 47, 23, 50, 63, 65, 57, 54, 64, 48, 52, 58, 69, 62, 82, 55, 89, 46, 68, 60, 79, 75, 66, 91, 84, 61, 85, 90, 73, 86, 81, 87, 96, 72, 80, 70, 74, 93, 95, 77, 76, 88, 97, 92, 83, 78, 94, 98, 99]]
ta087.txt, time:70273.489000000, odp:[7426.0, [7, 0, 12, 3, 10, 4, 11, 28, 14, 6, 24, 18, 5, 8, 17, 9, 1, 25, 39, 16, 2, 13, 21, 30, 15, 29, 27, 38, 36, 19, 22, 41, 23, 35, 32, 31, 52, 20, 40, 37, 26, 34, 33, 42, 50, 69, 54, 67, 47, 55, 49, 59, 57, 44, 43, 53, 68, 72, 48, 65, 82, 70, 61, 46, 63, 45, 76, 75, 56, 62, 58, 71, 60, 78, 83, 73, 79, 51, 74, 85, 77, 64, 89, 98, 99, 88, 84, 94, 91, 66, 86, 93, 87, 97, 90, 96, 80, 95, 81, 92]]
ta088.txt, time:72796.337700000, odp:[7512.0, [8, 6, 1, 3, 20, 15, 21, 0, 2, 27, 7, 12, 26, 13, 4, 24, 34, 16, 25, 5, 9, 32, 10, 48, 11, 28, 14, 19, 23, 39, 18, 37, 46, 30, 33, 31, 17, 22, 41, 38, 29, 45, 36, 40, 55, 35, 67, 42, 57, 51, 77, 44, 56, 70, 63, 60, 69, 53, 43, 61, 58, 49, 66, 68, 50, 47, 54, 62, 75, 96, 59, 64, 72, 52, 94, 98, 74, 83, 81, 65, 87, 84, 88, 71, 79, 78, 91, 73, 80, 99, 86, 92, 76, 89, 85, 97, 82, 95, 90, 93]]
ta089.txt, time:83600.276600000, odp:[7324.0, [0, 3, 18, 4, 15, 24, 1, 30, 8, 9, 7, 16, 17, 22, 20, 6, 5, 23, 32, 14, 10, 40, 12, 13, 2, 11, 42, 19, 44, 26, 33, 27, 38, 21, 25, 35, 36, 53, 43, 31, 34, 48, 47, 54, 29, 51, 50, 78, 46, 41, 37, 49, 45, 28, 61, 69, 58, 55, 39, 63, 57, 84, 62, 66, 56, 90, 70, 73, 77, 52, 59, 60, 64, 67, 65, 89, 68, 81, 85, 93, 97, 83, 88, 76, 72, 96, 79, 86, 74, 71, 75, 94, 80, 98, 87, 82, 99, 91, 95, 92]]
ta090.txt, time:76175.392800000, odp:[7448.0, [17, 2, 3, 5, 12, 9, 1, 13, 24, 6, 23, 27, 16, 0, 8, 22, 7, 42, 4, 15, 28, 14, 33, 41, 38, 25, 21, 20, 35, 31, 10, 46, 11, 29, 19, 49, 47, 34, 51, 39, 58, 32, 18, 43, 53, 40, 37, 62, 61, 55, 30, 52, 36, 45, 26, 66, 76, 67, 78, 44, 48, 79, 65, 57, 56, 69, 50, 74, 63, 71, 87, 54, 73, 72, 59, 60, 70, 75, 80, 94, 64, 89, 81, 84, 82, 77, 95, 97, 85, 88, 86, 83, 99, 68, 90, 91, 92, 96, 98, 93]]
ta091.txt, time:149494.11980000, odp:[11723.0, [5, 28, 0, 10, 8, 1, 12, 14, 11, 23, 7, 6, 15, 16, 4, 3, 21, 2, 43, 20, 33, 46, 24, 17, 29, 9, 22, 18, 19, 25, 35, 36, 38, 26, 50, 13, 27, 37, 45, 31, 40, 41, 34, 30, 49, 61, 32, 48, 47, 39, 44, 67, 51, 54, 66, 64, 69, 42, 52, 59, 55, 60, 56, 63, 71, 73, 62, 53, 57, 76, 68, 78, 65, 79, 77, 82, 58, 80, 72, 70, 91, 74, 96, 81, 87, 94, 106, 92, 101, 85, 83, 75, 86, 90, 89, 100, 107, 109, 98, 93, 95, 84, 110, 88, 114, 99, 124, 102, 112, 97, 105, 117, 115, 118, 116, 133, 122, 103, 127, 104, 128, 134, 113, 111, 138, 108, 119, 147, 139, 123, 129, 126, 131, 142, 143, 120, 135, 150, 136, 125, 141, 130, 121, 154, 149, 146, 145, 140, 148, 137, 159, 163, 161, 132, 158, 156, 144, 173, 160, 151, 152, 164, 174, 155, 157, 167, 168, 162, 153, 170, 172, 177, 180, 166, 169, 186, 165, 182, 171, 175, 187, 194, 184, 179, 181, 183, 178, 188, 199, 190, 196, 191, 193, 185, 189, 197, 198, 192, 195, 176]]
ta092.txt, time:155348.80580000, odp:[11759.0, [14, 8, 21, 10, 12, 5, 35, 29, 11, 6, 4, 7, 16, 2, 0, 1, 13, 22, 46, 9, 3, 17, 23, 15, 19, 34, 20, 30, 26, 25, 36, 44, 37, 41, 38, 24, 33, 27, 32, 40, 51, 52, 43, 45, 18, 28, 54, 39, 68, 58, 66, 42, 48, 31, 73, 74, 60, 59, 56, 53, 67, 57, 50, 49, 47, 64, 65, 70, 61, 69, 79, 82, 62, 77, 86, 55, 76, 63, 99, 89, 72, 92, 91, 87, 75, 71, 80, 94, 84, 81, 83, 78, 95, 85, 90, 96, 106, 88, 100, 105, 112, 98, 102, 101, 104, 121, 110, 116, 103, 136, 93, 97, 125, 111, 115, 126, 122, 107, 108, 135, 120, 124, 141, 119, 143, 109, 128, 114, 118, 157, 139, 145, 117, 113, 152, 142, 132, 146, 131, 147, 153, 127, 138, 154, 123, 151, 156, 134, 172, 148, 129, 140, 130, 144, 137, 133, 176, 177, 165, 159, 169, 191, 166, 155, 164, 160, 150, 149, 180, 158, 184, 170, 175, 182, 171, 163, 183, 188, 162, 178, 161, 168, 174, 173, 195, 179, 167, 181, 199, 198, 193, 192, 190, 194, 197, 187, 189, 196, 185, 186]]
ta093.txt, time:149330.90890000, odp:[12062.0, [14, 25, 0, 3, 28, 5, 1, 20, 11, 22, 8, 6, 7, 12, 23, 15, 10, 16, 30, 19, 29, 4, 46, 2, 13, 36, 26, 24, 33, 9, 17, 55, 32, 34, 62, 21, 44, 18, 45, 60, 40, 61, 41, 27, 31, 38, 50, 42, 43, 37, 71, 68, 35, 39, 73, 56, 48, 75, 66, 47, 51, 63, 57, 52, 69, 49, 54, 58, 64, 85, 70, 59, 78, 65, 81, 87, 67, 98, 79, 53, 122, 105, 72, 88, 82, 80, 74, 92, 76, 77, 91, 109, 97, 83, 86, 102, 90, 89, 96, 84, 108, 99, 95, 93, 112, 107, 94, 111, 115, 100, 123, 118, 129, 127, 104, 106, 110, 113, 130, 121, 146, 114, 124, 103, 116, 139, 117, 132, 101, 143, 134, 120, 126, 135, 142, 162, 125, 138, 137, 140, 128, 161, 119, 141, 160, 131, 136, 150, 174, 145, 144, 152, 151, 133, 147, 153, 154, 156, 149, 158, 168, 169, 157, 163, 166, 184, 165, 179, 148, 194, 183, 182, 178, 159, 192, 170, 193, 155, 177, 171, 181, 195, 175, 187, 172, 180, 188, 173, 189, 167, 186, 197, 196, 198, 190, 164, 199, 191, 185, 176]]
ta094.txt, time:153926.49570000, odp:[11675.0, [1, 12, 11, 2, 4, 22, 15, 6, 25, 3, 10, 28, 17, 14, 13, 21, 7, 8, 5, 36, 9, 0, 16, 19, 27, 46, 41, 24, 33, 30, 35, 39, 32, 29, 66, 23, 40, 18, 57, 59, 38, 20, 48, 52, 47, 31, 63, 42, 54, 43, 37, 34, 62, 64, 49, 55, 44, 53, 51, 75, 70, 50, 26, 61, 58, 71, 45, 72, 65, 76, 80, 90, 68, 69, 60, 79, 91, 94, 77, 93, 97, 101, 67, 84, 86, 102, 88, 83, 100, 85, 74, 117, 81, 78, 104, 56, 116, 111, 82, 96, 106, 112, 99, 92, 115, 103, 73, 109, 89, 105, 98, 95, 110, 87, 126, 108, 118, 113, 124, 140, 120, 121, 125, 141, 114, 129, 128, 127, 145, 135, 107, 132, 143, 123, 142, 150, 119, 162, 131, 130, 122, 133, 134, 156, 157, 137, 144, 138, 151, 168, 152, 163, 139, 173, 153, 136, 155, 154, 149, 146, 147, 190, 159, 161, 175, 148, 167, 171, 179, 180, 176, 170, 164, 165, 172, 177, 158, 178, 174, 182, 197, 184, 169, 160, 196, 193, 181, 166, 187, 189, 185, 183, 188, 198, 195, 192, 199, 194, 191, 186]]
ta095.txt, time:152560.67930000, odp:[11684.0, [24, 28, 8, 12, 10, 4, 20, 3, 0, 25, 7, 1, 13, 5, 11, 2, 15, 22, 18, 6, 14, 17, 23, 41, 9, 33, 30, 32, 34, 26, 45, 36, 27, 42, 21, 16, 29, 37, 53, 38, 19, 63, 35, 43, 49, 56, 68, 46, 50, 47, 52, 55, 48, 73, 40, 39, 66, 67, 69, 74, 64, 57, 60, 58, 65, 44, 61, 31, 80, 82, 78, 100, 51, 54, 59, 81, 72, 70, 62, 76, 83, 85, 71, 79, 86, 90, 84, 88, 89, 77, 87, 91, 96, 94, 95, 92, 93, 108, 75, 101, 102, 97, 104, 107, 110, 98, 125, 120, 103, 127, 118, 109, 116, 112, 105, 113, 114, 111, 106, 141, 123, 126, 117, 119, 115, 99, 121, 134, 130, 137, 145, 124, 129, 135, 128, 133, 138, 159, 143, 171, 139, 150, 160, 136, 132, 151, 131, 152, 147, 164, 149, 142, 156, 154, 122, 144, 168, 169, 148, 146, 140, 167, 153, 175, 163, 158, 180, 181, 173, 177, 174, 155, 162, 193, 166, 178, 185, 182, 170, 189, 165, 157, 186, 172, 161, 184, 183, 198, 194, 195, 191, 192, 176, 179, 190, 188, 199, 197, 187, 196]]
ta096.txt, time:146598.75270000, odp:[11703.0, [14, 8, 17, 0, 7, 15, 1, 6, 19, 4, 10, 13, 5, 3, 9, 2, 31, 11, 32, 12, 33, 27, 24, 23, 28, 25, 30, 26, 18, 40, 21, 62, 20, 48, 39, 42, 22, 35, 52, 43, 29, 45, 41, 56, 38, 36, 16, 34, 37, 58, 65, 55, 74, 49, 53, 47, 60, 44, 67, 51, 54, 78, 69, 46, 71, 68, 72, 61, 57, 83, 66, 94, 89, 59, 70, 81, 90, 86, 80, 75, 64, 88, 77, 50, 97, 79, 73, 63, 84, 76, 85, 95, 100, 92, 96, 107, 104, 99, 121, 101, 103, 91, 87, 93, 118, 110, 82, 105, 117, 98, 112, 122, 114, 115, 133, 113, 111, 109, 126, 102, 116, 134, 119, 106, 153, 128, 142, 124, 125, 120, 147, 127, 131, 140, 130, 132, 108, 136, 149, 138, 135, 137, 129, 139, 141, 158, 154, 169, 152, 148, 151, 144, 146, 143, 165, 161, 157, 123, 159, 155, 150, 145, 183, 170, 166, 163, 181, 164, 188, 175, 186, 160, 156, 176, 185, 171, 178, 198, 180, 172, 189, 173, 162, 190, 177, 174, 193, 168, 195, 184, 199, 167, 197, 179, 194, 191, 192, 182, 196, 187]]
ta097.txt, time:149082.58120000, odp:[12245.0, [17, 18, 14, 8, 5, 9, 23, 12, 20, 1, 2, 4, 11, 15, 16, 41, 31, 3, 0, 7, 33, 21, 39, 49, 13, 32, 53, 30, 44, 27, 6, 26, 42, 19, 34, 46, 25, 10, 43, 22, 66, 40, 50, 24, 45, 52, 51, 35, 28, 36, 59, 37, 38, 47, 62, 58, 56, 29, 72, 61, 78, 48, 65, 55, 54, 60, 57, 84, 73, 79, 70, 80, 83, 76, 68, 81, 74, 64, 91, 82, 75, 67, 105, 69, 63, 96, 85, 88, 93, 98, 77, 89, 71, 92, 97, 94, 95, 109, 101, 86, 103, 87, 111, 104, 102, 115, 107, 90, 110, 99, 116, 126, 132, 106, 114, 123, 122, 118, 127, 100, 124, 119, 120, 131, 130, 108, 117, 125, 121, 112, 142, 113, 139, 155, 136, 163, 128, 154, 134, 148, 135, 145, 143, 138, 153, 137, 151, 129, 157, 152, 133, 156, 146, 144, 141, 150, 176, 168, 160, 149, 140, 147, 164, 158, 183, 191, 170, 162, 165, 169, 174, 177, 159, 184, 173, 166, 179, 167, 193, 185, 175, 186, 180, 161, 171, 178, 195, 198, 196, 188, 190, 197, 199, 189, 192, 182, 187, 181, 194, 172]]
ta098.txt, time:156884.46840000, odp:[11836.0, [8, 5, 0, 4, 2, 3, 40, 15, 12, 27, 20, 11, 16, 1, 6, 25, 10, 7, 9, 14, 17, 19, 35, 31, 36, 24, 34, 29, 13, 21, 22, 37, 23, 33, 48, 26, 28, 38, 45, 50, 32, 46, 58, 30, 43, 56, 47, 52, 54, 18, 53, 51, 41, 39, 49, 44, 42, 73, 55, 68, 64, 61, 57, 67, 74, 65, 72, 81, 59, 69, 71, 70, 63, 83, 84, 80, 95, 75, 92, 60, 62, 77, 88, 87, 82, 66, 90, 79, 78, 91, 86, 117, 108, 94, 99, 89, 85, 76, 103, 93, 105, 107, 96, 109, 102, 100, 98, 97, 125, 114, 115, 110, 104, 132, 116, 111, 112, 127, 121, 120, 118, 131, 129, 123, 101, 122, 138, 124, 130, 113, 140, 126, 119, 136, 155, 134, 128, 157, 106, 133, 141, 137, 151, 148, 149, 146, 143, 135, 142, 144, 145, 150, 162, 153, 159, 167, 166, 152, 139, 161, 163, 174, 147, 158, 186, 180, 160, 164, 154, 156, 169, 172, 173, 168, 184, 165, 178, 187, 188, 191, 185, 192, 170, 189, 198, 199, 179, 177, 171, 182, 197, 175, 176, 183, 196, 190, 194, 181, 195, 193]]
ta099.txt, time:158105.36100000, odp:[11475.0, [19, 1, 20, 17, 28, 7, 0, 5, 8, 6, 13, 9, 18, 3, 2, 34, 4, 15, 33, 14, 16, 10, 24, 11, 48, 23, 21, 26, 44, 42, 38, 32, 12, 41, 37, 22, 30, 53, 25, 29, 35, 27, 62, 50, 40, 43, 56, 36, 57, 39, 31, 45, 84, 72, 59, 49, 55, 63, 67, 71, 75, 52, 51, 61, 64, 73, 65, 66, 82, 81, 68, 46, 78, 54, 80, 47, 93, 89, 85, 77, 58, 69, 74, 87, 60, 117, 86, 94, 83, 95, 70, 100, 76, 105, 111, 92, 79, 108, 134, 109, 88, 103, 99, 90, 97, 102, 142, 104, 118, 101, 110, 91, 113, 98, 106, 121, 123, 144, 116, 120, 96, 124, 141, 107, 131, 115, 156, 119, 125, 147, 122, 112, 130, 114, 150, 126, 129, 127, 135, 133, 152, 138, 128, 132, 143, 153, 136, 137, 140, 159, 163, 164, 139, 155, 146, 149, 154, 151, 162, 168, 148, 157, 165, 177, 160, 166, 170, 191, 176, 167, 174, 175, 158, 173, 178, 171, 169, 182, 145, 195, 180, 184, 179, 186, 192, 185, 189, 194, 181, 183, 190, 172, 161, 198, 196, 188, 187, 199, 193, 197]]
ta100.txt, time:153627.15810000, odp:[11672.0, [1, 17, 10, 13, 8, 2, 5, 19, 16, 9, 7, 20, 6, 14, 12, 23, 4, 29, 24, 0, 15, 27, 11, 39, 36, 18, 25, 3, 26, 31, 35, 43, 46, 34, 32, 28, 21, 49, 30, 47, 42, 55, 22, 53, 33, 50, 59, 38, 44, 40, 57, 65, 45, 76, 52, 37, 41, 89, 67, 58, 51, 64, 48, 56, 62, 63, 61, 78, 83, 68, 70, 79, 71, 87, 81, 60, 54, 74, 69, 98, 85, 72, 77, 90, 75, 86, 110, 82, 88, 96, 66, 95, 94, 73, 91, 100, 93, 102, 80, 106, 115, 123, 97, 105, 92, 104, 108, 109, 84, 111, 112, 114, 101, 124, 107, 113, 116, 118, 129, 99, 125, 119, 122, 121, 126, 120, 117, 138, 103, 137, 127, 143, 134, 130, 135, 141, 128, 140, 145, 139, 133, 132, 142, 144, 168, 151, 149, 156, 146, 166, 131, 163, 159, 153, 152, 136, 147, 158, 184, 154, 172, 174, 148, 150, 194, 192, 162, 167, 169, 177, 155, 179, 186, 173, 160, 164, 171, 178, 189, 161, 157, 170, 188, 165, 182, 185, 181, 190, 175, 187, 180, 198, 199, 176, 183, 193, 196, 197, 195, 191]]
ta101.txt, time:301887.87020000, odp:[12900.0, [6, 5, 32, 7, 9, 21, 1, 3, 40, 12, 11, 16, 4, 2, 13, 17, 20, 10, 22, 24, 0, 14, 26, 41, 35, 25, 38, 15, 8, 18, 42, 48, 29, 33, 28, 37, 27, 39, 53, 52, 36, 31, 45, 19, 44, 34, 23, 30, 43, 57, 69, 56, 49, 50, 61, 64, 51, 58, 46, 54, 65, 47, 62, 59, 70, 55, 78, 68, 67, 71, 75, 83, 60, 63, 92, 72, 80, 73, 81, 101, 66, 110, 76, 98, 86, 82, 112, 87, 77, 90, 74, 88, 119, 79, 91, 93, 97, 109, 89, 94, 85, 95, 111, 84, 106, 96, 102, 105, 107, 100, 114, 104, 115, 108, 116, 103, 124, 117, 123, 118, 128, 99, 145, 140, 129, 125, 161, 121, 113, 122, 120, 131, 147, 126, 130, 144, 137, 143, 133, 141, 146, 132, 127, 154, 134, 156, 153, 135, 167, 139, 157, 142, 159, 138, 136, 158, 163, 151, 149, 150, 182, 166, 155, 162, 193, 174, 168, 152, 170, 179, 177, 181, 173, 160, 148, 175, 172, 176, 183, 165, 164, 191, 169, 171, 189, 178, 197, 196, 185, 184, 186, 180, 199, 190, 198, 194, 187, 188, 195, 192]]
