100 it
ta001.txt, time:10695.312900000, odp:[1322.0, [16, 14, 2, 3, 4, 5, 6, 7, 8, 18, 10, 11, 12, 13, 1, 15, 0, 17, 9, 19]]
ta002.txt, time:10650.644900000, odp:[1458.0, [0, 18, 11, 3, 4, 5, 6, 7, 8, 9, 10, 2, 12, 13, 14, 15, 16, 17, 1, 19]]
ta003.txt, time:10632.213300000, odp:[1119.0, [2, 19, 17, 3, 4, 0, 6, 7, 10, 9, 15, 11, 12, 13, 18, 8, 16, 5, 14, 1]]
ta004.txt, time:11676.406800000, odp:[1422.0, [15, 1, 16, 18, 19, 11, 12, 7, 8, 9, 10, 5, 6, 13, 14, 4, 0, 17, 3, 2]]
ta005.txt, time:11072.836800000, odp:[1254.0, [11, 8, 2, 3, 4, 5, 6, 15, 16, 9, 10, 14, 12, 18, 1, 17, 0, 13, 7, 19]]
ta006.txt, time:10490.115900000, odp:[1224.0, [13, 12, 19, 10, 4, 5, 16, 11, 8, 9, 3, 7, 14, 15, 17, 0, 1, 6, 18, 2]]
ta007.txt, time:10533.001700000, odp:[1274.0, [14, 19, 10, 3, 4, 5, 1, 7, 8, 11, 2, 6, 12, 13, 0, 15, 16, 17, 18, 9]]
ta008.txt, time:10535.916800000, odp:[1222.0, [16, 1, 8, 7, 15, 18, 6, 3, 5, 9, 17, 11, 12, 13, 14, 4, 2, 0, 19, 10]]
ta009.txt, time:10648.247400000, odp:[1298.0, [3, 16, 0, 2, 4, 5, 1, 7, 8, 9, 10, 11, 12, 19, 14, 15, 6, 17, 18, 13]]
ta010.txt, time:10693.942500000, odp:[1161.0, [4, 15, 9, 1, 10, 5, 6, 7, 13, 0, 2, 16, 12, 18, 14, 3, 11, 17, 8, 19]]
ta011.txt, time:19617.227100000, odp:[1643.0, [4, 8, 2, 3, 5, 18, 11, 7, 1, 9, 16, 12, 13, 19, 14, 17, 10, 0, 6, 15]]
ta012.txt, time:19507.720000000, odp:[1735.0, [16, 11, 1, 19, 0, 5, 12, 18, 8, 14, 9, 4, 6, 15, 10, 13, 3, 17, 7, 2]]
ta013.txt, time:19593.568100000, odp:[1681.0, [6, 1, 15, 5, 4, 3, 0, 8, 7, 9, 10, 11, 12, 13, 14, 2, 16, 17, 19, 18]]
ta014.txt, time:20542.490600000, odp:[1419.0, [17, 19, 2, 8, 0, 1, 6, 5, 9, 3, 11, 14, 12, 15, 10, 13, 18, 16, 7, 4]]
ta015.txt, time:19609.209500000, odp:[1585.0, [7, 4, 15, 3, 17, 5, 6, 1, 8, 2, 16, 11, 12, 13, 14, 0, 10, 9, 18, 19]]
ta016.txt, time:19629.064400000, odp:[1455.0, [18, 5, 2, 3, 17, 14, 13, 7, 8, 9, 10, 19, 12, 6, 1, 15, 16, 4, 0, 11]]
ta017.txt, time:19626.848100000, odp:[1558.0, [5, 16, 18, 0, 17, 3, 6, 19, 8, 1, 10, 11, 12, 13, 14, 15, 9, 4, 2, 7]]
ta018.txt, time:20168.587000000, odp:[1655.0, [17, 1, 7, 15, 3, 16, 6, 14, 8, 19, 18, 11, 2, 13, 4, 12, 5, 0, 10, 9]]
ta019.txt, time:20175.565000000, odp:[1697.0, [1, 13, 19, 3, 18, 2, 5, 7, 8, 15, 10, 11, 12, 6, 14, 9, 16, 17, 4, 0]]
ta020.txt, time:20310.553300000, odp:[1666.0, [4, 1, 13, 3, 6, 19, 16, 7, 5, 9, 18, 11, 12, 15, 14, 17, 0, 8, 2, 10]]
ta021.txt, time:36888.640400000, odp:[2402.0, [15, 17, 2, 3, 6, 4, 5, 19, 8, 13, 10, 16, 12, 9, 14, 18, 1, 11, 0, 7]]
ta022.txt, time:37033.839900000, odp:[2129.0, [17, 10, 2, 9, 12, 19, 15, 7, 18, 3, 0, 11, 5, 13, 14, 4, 6, 16, 8, 1]]
ta023.txt, time:44614.335300000, odp:[2419.0, [0, 1, 18, 3, 4, 5, 19, 2, 8, 10, 9, 11, 16, 13, 12, 15, 14, 17, 7, 6]]
ta024.txt, time:39000.348200000, odp:[2280.0, [13, 7, 2, 1, 3, 5, 4, 19, 11, 18, 10, 8, 15, 12, 17, 0, 16, 14, 6, 9]]
ta025.txt, time:39157.184000000, odp:[2362.0, [9, 1, 0, 19, 3, 4, 11, 18, 8, 2, 12, 17, 10, 13, 14, 15, 16, 6, 7, 5]]
ta026.txt, time:37237.209900000, odp:[2325.0, [13, 17, 1, 10, 4, 0, 6, 5, 8, 14, 7, 11, 12, 16, 9, 15, 3, 18, 2, 19]]
ta027.txt, time:39645.211800000, odp:[2401.0, [9, 10, 14, 3, 17, 11, 8, 0, 19, 7, 5, 1, 2, 6, 13, 15, 16, 4, 18, 12]]
ta028.txt, time:40354.532000000, odp:[2270.0, [4, 1, 16, 3, 9, 2, 10, 5, 19, 15, 8, 6, 12, 13, 18, 14, 7, 17, 11, 0]]
ta029.txt, time:40120.552900000, odp:[2349.0, [0, 13, 2, 3, 19, 5, 1, 9, 12, 7, 16, 11, 8, 10, 14, 15, 6, 17, 18, 4]]
ta030.txt, time:39681.506400000, odp:[2238.0, [2, 5, 12, 3, 6, 7, 1, 14, 16, 0, 18, 11, 4, 10, 8, 9, 15, 17, 19, 13]]
ta031.txt, time:176755.05850000, odp:[2752.0, [40, 26, 2, 3, 4, 5, 6, 7, 49, 9, 10, 11, 12, 13, 14, 44, 16, 17, 18, 19, 20, 21, 22, 23, 24, 25, 1, 27, 28, 29, 30, 31, 32, 33, 34, 35, 36, 37, 38, 39, 0, 41, 42, 43, 8, 45, 48, 47, 46, 15]]
ta032.txt, time:176973.32020000, odp:[2890.0, [36, 4, 44, 45, 1, 5, 6, 7, 39, 9, 10, 47, 12, 13, 14, 15, 16, 17, 18, 34, 20, 21, 22, 23, 24, 25, 26, 49, 28, 29, 11, 31, 32, 33, 19, 35, 41, 37, 38, 8, 40, 2, 42, 43, 0, 3, 46, 30, 48, 27]]
ta033.txt, time:177071.37680000, odp:[2666.0, [3, 1, 2, 7, 4, 40, 36, 21, 8, 9, 10, 11, 12, 13, 14, 15, 18, 17, 48, 19, 45, 0, 22, 23, 24, 25, 26, 27, 28, 43, 30, 31, 32, 33, 47, 35, 6, 37, 38, 39, 5, 41, 42, 49, 44, 20, 46, 34, 16, 29]]
ta034.txt, time:177492.96970000, odp:[2782.0, [41, 25, 2, 9, 44, 12, 6, 7, 8, 3, 10, 11, 49, 13, 14, 45, 16, 17, 18, 19, 47, 21, 22, 23, 24, 46, 26, 27, 28, 29, 30, 31, 32, 33, 34, 35, 36, 37, 38, 39, 40, 1, 42, 4, 43, 15, 0, 20, 48, 5]]
ta035.txt, time:176669.16870000, odp:[2922.0, [47, 0, 26, 3, 4, 35, 1, 7, 8, 9, 10, 11, 12, 13, 14, 15, 16, 17, 18, 19, 20, 21, 22, 23, 49, 6, 2, 27, 28, 29, 30, 31, 32, 33, 34, 5, 36, 37, 38, 39, 40, 41, 42, 43, 44, 45, 46, 25, 24, 48]]
ta036.txt, time:175734.92970000, odp:[2852.0, [40, 3, 34, 29, 4, 43, 6, 7, 8, 9, 10, 48, 12, 5, 14, 44, 16, 17, 18, 19, 20, 46, 1, 23, 24, 25, 49, 27, 28, 2, 30, 31, 32, 33, 22, 35, 36, 37, 38, 39, 0, 41, 42, 13, 47, 45, 15, 11, 21, 26]]
ta037.txt, time:183162.01540000, odp:[2824.0, [36, 39, 42, 31, 4, 47, 6, 7, 8, 9, 38, 11, 12, 13, 14, 15, 48, 35, 18, 19, 20, 21, 22, 23, 24, 49, 26, 27, 28, 29, 30, 3, 32, 33, 34, 17, 0, 37, 10, 1, 40, 41, 2, 43, 44, 45, 46, 5, 16, 25]]
ta038.txt, time:184796.83320000, odp:[2750.0, [16, 24, 38, 3, 4, 5, 6, 7, 8, 9, 46, 11, 27, 13, 45, 47, 1, 17, 18, 19, 20, 21, 22, 23, 0, 25, 26, 12, 28, 29, 30, 31, 32, 33, 34, 35, 36, 37, 2, 39, 40, 49, 42, 43, 44, 14, 10, 15, 48, 41]]
ta039.txt, time:197662.50650000, odp:[2568.0, [23, 12, 2, 49, 40, 36, 6, 46, 8, 9, 10, 11, 0, 43, 14, 15, 16, 39, 18, 19, 20, 21, 22, 1, 24, 25, 26, 27, 28, 29, 48, 31, 32, 33, 34, 35, 42, 37, 38, 17, 4, 41, 45, 30, 44, 47, 5, 7, 3, 13]]
ta040.txt, time:207715.30320000, odp:[2848.0, [1, 0, 47, 3, 4, 5, 48, 7, 39, 9, 10, 11, 49, 26, 14, 15, 16, 17, 18, 19, 20, 46, 22, 23, 24, 25, 13, 27, 28, 29, 30, 31, 32, 33, 34, 35, 36, 37, 38, 8, 40, 41, 42, 43, 44, 45, 21, 2, 6, 12]]
ta041.txt, time:344046.34150000, odp:[3178.0, [24, 32, 17, 15, 11, 5, 7, 6, 1, 45, 35, 48, 12, 2, 0, 14, 16, 13, 18, 19, 20, 21, 43, 23, 3, 25, 26, 27, 28, 29, 30, 31, 36, 33, 22, 10, 8, 37, 42, 39, 40, 41, 4, 49, 47, 9, 46, 34, 38, 44]]
ta042.txt, time:627095.19310000, odp:[3019.0, [34, 0, 48, 49, 2, 8, 33, 37, 5, 22, 10, 11, 36, 19, 12, 17, 39, 40, 18, 13, 20, 27, 9, 23, 24, 25, 26, 21, 4, 29, 30, 32, 15, 46, 3, 41, 14, 7, 16, 42, 38, 31, 35, 44, 43, 28, 1, 47, 45, 6]]
ta043.txt, time:837881.87100000, odp:[3030.0, [9, 23, 35, 4, 3, 10, 6, 43, 13, 26, 8, 42, 46, 38, 14, 48, 12, 0, 17, 18, 41, 45, 15, 2, 24, 25, 19, 44, 28, 31, 30, 33, 1, 27, 47, 32, 36, 37, 49, 40, 39, 34, 29, 7, 21, 11, 16, 20, 22, 5]]
ta044.txt, time:604348.87900000, odp:[3135.0, [4, 36, 19, 21, 9, 13, 20, 7, 8, 10, 16, 27, 40, 30, 25, 1, 24, 17, 47, 2, 0, 5, 22, 23, 38, 14, 45, 11, 28, 37, 3, 31, 46, 33, 34, 26, 15, 29, 6, 39, 12, 49, 42, 43, 44, 35, 32, 18, 48, 41]]
ta045.txt, time:842222.04850000, odp:[3147.0, [0, 15, 34, 4, 47, 8, 45, 7, 5, 9, 10, 11, 12, 13, 1, 14, 16, 37, 41, 39, 20, 49, 22, 23, 24, 25, 46, 27, 28, 29, 30, 48, 32, 33, 2, 35, 36, 17, 3, 19, 40, 18, 42, 43, 44, 6, 26, 38, 31, 21]]
ta046.txt, time:614616.56940000, odp:[3162.0, [2, 8, 38, 46, 28, 5, 45, 32, 44, 9, 10, 0, 12, 13, 41, 47, 16, 17, 18, 43, 1, 21, 27, 23, 24, 25, 26, 48, 4, 29, 30, 31, 7, 33, 34, 35, 42, 37, 20, 39, 40, 14, 36, 19, 22, 3, 15, 49, 11, 6]]
ta047.txt, time:389376.48790000, odp:[3271.0, [0, 1, 2, 48, 41, 5, 6, 31, 8, 9, 36, 11, 12, 42, 14, 15, 16, 17, 18, 19, 20, 21, 38, 23, 49, 25, 26, 27, 10, 3, 45, 7, 32, 33, 28, 35, 47, 37, 22, 39, 40, 4, 13, 43, 44, 46, 30, 34, 29, 24]]
ta048.txt, time:522547.05470000, odp:[3126.0, [5, 46, 18, 49, 4, 25, 6, 9, 13, 7, 11, 10, 12, 17, 14, 1, 16, 20, 23, 19, 8, 21, 45, 3, 24, 0, 26, 27, 28, 48, 30, 31, 32, 36, 34, 35, 41, 37, 38, 39, 33, 40, 42, 43, 44, 22, 15, 29, 47, 2]]
ta049.txt, time:787684.28980000, odp:[3162.0, [26, 41, 2, 3, 33, 20, 46, 7, 8, 47, 10, 11, 12, 13, 49, 15, 16, 17, 18, 19, 5, 21, 22, 23, 24, 25, 0, 27, 28, 29, 30, 31, 32, 4, 34, 35, 36, 37, 38, 39, 40, 1, 42, 43, 44, 45, 6, 9, 48, 14]]
ta050.txt, time:435688.02120000, odp:[3178.0, [43, 48, 16, 2, 41, 5, 15, 6, 38, 10, 21, 0, 9, 13, 12, 7, 29, 17, 26, 19, 20, 40, 8, 23, 46, 25, 18, 27, 28, 3, 39, 37, 32, 33, 34, 35, 36, 24, 4, 42, 14, 47, 11, 30, 49, 45, 31, 22, 1, 44]]
ta051.txt, time:1119569.5659000, odp:[4032.0, [34, 42, 36, 30, 14, 5, 7, 6, 35, 9, 11, 10, 41, 16, 4, 15, 13, 32, 46, 19, 20, 45, 25, 23, 12, 44, 26, 21, 28, 29, 3, 31, 17, 33, 1, 22, 48, 37, 0, 40, 39, 24, 38, 43, 49, 47, 18, 27, 8, 2]]
ta061.txt, time:2790624.3288000, odp:[5527.0, [89, 38, 95, 3, 4, 5, 6, 7, 8, 9, 10, 11, 12, 13, 14, 15, 16, 17, 18, 19, 20, 21, 22, 23, 24, 25, 26, 27, 28, 29, 30, 31, 32, 33, 34, 35, 36, 37, 92, 39, 40, 41, 42, 43, 44, 45, 99, 47, 48, 49, 50, 51, 52, 53, 54, 55, 56, 57, 58, 59, 60, 61, 62, 63, 64, 65, 66, 67, 68, 69, 70, 71, 72, 73, 74, 75, 76, 77, 78, 79, 80, 81, 82, 83, 84, 85, 86, 46, 88, 0, 90, 91, 1, 93, 94, 2, 96, 97, 98, 87]]
ta071.txt, time:2455950.3080000, odp:[5865.0, [57, 20, 60, 34, 5, 23, 6, 95, 33, 9, 46, 92, 79, 89, 14, 0, 16, 17, 1, 69, 4, 21, 71, 30, 41, 87, 26, 15, 28, 97, 8, 86, 32, 19, 27, 35, 36, 37, 38, 96, 40, 24, 42, 82, 44, 59, 83, 12, 48, 91, 50, 51, 52, 53, 54, 55, 56, 43, 58, 45, 7, 61, 62, 63, 64, 65, 66, 67, 68, 3, 99, 94, 72, 73, 74, 75, 76, 77, 78, 98, 80, 81, 18, 10, 84, 93, 31, 25, 88, 13, 47, 49, 2, 85, 22, 70, 90, 39, 29, 11]]
ta081.txt, time:4714372.0992000, odp:[6528.0, [53, 30, 46, 3, 81, 21, 9, 32, 13, 47, 99, 74, 11, 8, 4, 73, 20, 27, 18, 15, 78, 82, 22, 90, 26, 5, 24, 17, 28, 29, 1, 31, 7, 33, 34, 93, 36, 79, 38, 39, 92, 2, 42, 43, 59, 45, 98, 44, 23, 49, 50, 52, 51, 10, 54, 55, 56, 77, 58, 0, 60, 61, 62, 76, 64, 84, 75, 89, 68, 69, 70, 71, 72, 19, 14, 66, 95, 57, 85, 16, 80, 96, 91, 83, 65, 37, 86, 63, 88, 41, 87, 25, 97, 35, 94, 48, 40, 67, 12, 6]]
ta091.txt, time:21625458.416700, odp:[11012.0, [65, 22, 158, 3, 140, 5, 6, 7, 178, 9, 10, 11, 12, 13, 190, 15, 16, 17, 18, 19, 20, 21, 86, 23, 153, 184, 194, 27, 28, 29, 171, 31, 32, 33, 34, 35, 36, 37, 38, 39, 40, 41, 42, 43, 44, 45, 130, 47, 48, 49, 197, 51, 52, 53, 195, 55, 56, 57, 58, 59, 60, 119, 62, 63, 64, 0, 66, 67, 68, 69, 70, 71, 72, 73, 74, 75, 76, 77, 78, 79, 80, 81, 82, 83, 84, 85, 1, 87, 88, 89, 90, 91, 92, 93, 94, 95, 96, 97, 98, 99, 100, 101, 102, 193, 104, 105, 106, 107, 189, 109, 110, 111, 112, 113, 114, 115, 116, 117, 118, 192, 120, 121, 122, 123, 124, 125, 126, 127, 128, 129, 46, 131, 132, 133, 134, 168, 136, 137, 138, 139, 4, 141, 142, 143, 144, 145, 146, 147, 148, 149, 150, 151, 152, 24, 154, 155, 156, 157, 2, 159, 160, 161, 196, 163, 164, 165, 166, 167, 103, 169, 170, 30, 172, 173, 174, 175, 61, 198, 8, 179, 180, 181, 182, 162, 199, 185, 186, 187, 188, 108, 14, 191, 176, 25, 50, 54, 183, 26, 135, 177]]
ta101.txt, time:43662058.037900, odp:[11614.0, [149, 143, 76, 146, 82, 197, 74, 56, 88, 94, 65, 11, 13, 129, 14, 157, 4, 25, 18, 169, 104, 21, 80, 24, 150, 27, 106, 12, 193, 29, 30, 31, 32, 130, 34, 35, 36, 148, 38, 39, 187, 103, 46, 43, 185, 45, 110, 48, 47, 125, 66, 51, 177, 57, 189, 55, 91, 53, 58, 126, 60, 131, 62, 63, 92, 2, 50, 108, 134, 69, 70, 71, 107, 73, 6, 75, 20, 77, 78, 79, 22, 81, 1, 186, 84, 85, 86, 87, 8, 72, 90, 9, 64, 93, 7, 95, 96, 97, 181, 99, 100, 101, 102, 41, 0, 105, 122, 180, 23, 109, 42, 111, 112, 113, 26, 115, 116, 117, 118, 119, 120, 121, 114, 123, 124, 147, 59, 127, 128, 10, 162, 61, 132, 133, 15, 135, 136, 137, 138, 139, 140, 141, 142, 5, 68, 145, 16, 49, 37, 3, 33, 167, 152, 153, 154, 155, 156, 144, 158, 159, 160, 161, 28, 163, 164, 165, 166, 151, 168, 174, 198, 171, 172, 173, 19, 175, 176, 52, 178, 179, 89, 98, 182, 183, 184, 195, 83, 196, 188, 17, 190, 191, 192, 67, 194, 44, 40, 199, 170, 54]]
